"ID","altitude","cadence","distance","fractional_cadence","heart_rate","position_lat","position_long","speed","timestamp"
2018-02-05 08:46:06,-1,0,0,0,98,-1,-1,0,2018-02-05 08:11:57
2018-02-05 08:46:06,-1,0,0,0,96,-1,-1,0,2018-02-05 08:11:58
2018-02-05 08:46:06,-1,0,0,0,95,-1,-1,0,2018-02-05 08:12:00
2018-02-05 08:46:06,-1,0,0,0,93,-1,-1,0,2018-02-05 08:12:01
2018-02-05 08:46:06,-1,0,0,0,93,-1,-1,0,2018-02-05 08:12:02
2018-02-05 08:46:06,-1,0,0,0,92,-1,-1,0,2018-02-05 08:12:03
2018-02-05 08:46:06,-1,0,0,0,92,-1,-1,0,2018-02-05 08:12:04
2018-02-05 08:46:06,-1,85,0,0,92,-1,-1,0,2018-02-05 08:12:05
2018-02-05 08:46:06,-1,85,3.46,0,92,-1,-1,3.462,2018-02-05 08:12:06
2018-02-05 08:46:06,-1,83,7.04,0.5,92,-1,-1,3.574,2018-02-05 08:12:07
2018-02-05 08:46:06,-1,83,10.64,0,93,-1,-1,3.602,2018-02-05 08:12:08
2018-02-05 08:46:06,-1,83,14.56,0,93,-1,-1,3.919,2018-02-05 08:12:09
2018-02-05 08:46:06,-1,83,18.48,0,94,-1,-1,3.928,2018-02-05 08:12:10
2018-02-05 08:46:06,-1,83,22.49,0.5,96,-1,-1,4.003,2018-02-05 08:12:11
2018-02-05 08:46:06,-1,83,26.38,0.5,96,-1,-1,3.891,2018-02-05 08:12:12
2018-02-05 08:46:06,-1,83,30.27,0.5,98,-1,-1,3.891,2018-02-05 08:12:13
2018-02-05 08:46:06,-1,83,34.22,0.5,99,-1,-1,3.947,2018-02-05 08:12:14
2018-02-05 08:46:06,-1,83,38.07,0.5,100,-1,-1,3.854,2018-02-05 08:12:15
2018-02-05 08:46:06,-1,84,41.88,0.5,101,-1,-1,3.807,2018-02-05 08:12:16
2018-02-05 08:46:06,-1,84,45.8,0.5,102,-1,-1,3.928,2018-02-05 08:12:17
2018-02-05 08:46:06,-1,84,49.77,0.5,103,-1,-1,3.966,2018-02-05 08:12:18
2018-02-05 08:46:06,-1,84,53.72,0,105,-1,-1,3.947,2018-02-05 08:12:19
2018-02-05 08:46:06,-1,83,57.66,0,106,-1,-1,3.947,2018-02-05 08:12:20
2018-02-05 08:46:06,-1,83,61.6,0,107,-1,-1,3.938,2018-02-05 08:12:21
2018-02-05 08:46:06,-1,83,65.52,0,108,-1,-1,3.919,2018-02-05 08:12:22
2018-02-05 08:46:06,-1,83,69.38,0,108,-1,-1,3.863,2018-02-05 08:12:23
2018-02-05 08:46:06,-1,82,73.18,0,110,-1,-1,3.798,2018-02-05 08:12:24
2018-02-05 08:46:06,-1,82,76.92,0,111,-1,-1,3.742,2018-02-05 08:12:25
2018-02-05 08:46:06,-1,82,80.66,0,112,-1,-1,3.742,2018-02-05 08:12:26
2018-02-05 08:46:06,-1,82,84.43,0,113,-1,-1,3.77,2018-02-05 08:12:27
2018-02-05 08:46:06,-1,82,88.24,0,113,-1,-1,3.807,2018-02-05 08:12:28
2018-02-05 08:46:06,-1,82,92.05,0,114,-1,-1,3.807,2018-02-05 08:12:29
2018-02-05 08:46:06,-1,83,95.83,0,115,-1,-1,3.779,2018-02-05 08:12:30
2018-02-05 08:46:06,-1,83,99.6,0,116,-1,-1,3.77,2018-02-05 08:12:31
2018-02-05 08:46:06,-1,82,103.37,0,116,-1,-1,3.779,2018-02-05 08:12:32
2018-02-05 08:46:06,-1,82,107.15,0,117,-1,-1,3.779,2018-02-05 08:12:33
2018-02-05 08:46:06,-1,82,110.91,0,118,-1,-1,3.76,2018-02-05 08:12:34
2018-02-05 08:46:06,-1,82,114.61,0,118,-1,-1,3.695,2018-02-05 08:12:35
2018-02-05 08:46:06,-1,82,118.19,0,119,-1,-1,3.583,2018-02-05 08:12:36
2018-02-05 08:46:06,-1,81,121.75,0,120,-1,-1,3.555,2018-02-05 08:12:37
2018-02-05 08:46:06,-1,81,125.32,0,121,-1,-1,3.574,2018-02-05 08:12:38
2018-02-05 08:46:06,-1,81,128.92,0,122,-1,-1,3.602,2018-02-05 08:12:39
2018-02-05 08:46:06,-1,82,132.46,0,123,-1,-1,3.536,2018-02-05 08:12:40
2018-02-05 08:46:06,-1,82,135.93,0,124,-1,-1,3.471,2018-02-05 08:12:41
2018-02-05 08:46:06,-1,82,139.34,0,124,-1,-1,3.415,2018-02-05 08:12:42
2018-02-05 08:46:06,-1,82,142.78,0,125,-1,-1,3.434,2018-02-05 08:12:43
2018-02-05 08:46:06,-1,82,146.23,0,126,-1,-1,3.452,2018-02-05 08:12:44
2018-02-05 08:46:06,-1,83,149.72,0,127,-1,-1,3.49,2018-02-05 08:12:45
2018-02-05 08:46:06,-1,83,153.22,0,127,-1,-1,3.499,2018-02-05 08:12:46
2018-02-05 08:46:06,-1,82,156.74,0,128,-1,-1,3.518,2018-02-05 08:12:47
2018-02-05 08:46:06,-1,82,160.28,0,128,-1,-1,3.546,2018-02-05 08:12:48
2018-02-05 08:46:06,-1,82,163.85,0,128,-1,-1,3.564,2018-02-05 08:12:49
2018-02-05 08:46:06,-1,82,167.45,0,129,-1,-1,3.602,2018-02-05 08:12:50
2018-02-05 08:46:06,-1,82,171.03,0,129,-1,-1,3.583,2018-02-05 08:12:51
2018-02-05 08:46:06,-1,81,174.6,0,129,-1,-1,3.564,2018-02-05 08:12:52
2018-02-05 08:46:06,-1,81,178.1,0,129,-1,-1,3.508,2018-02-05 08:12:53
2018-02-05 08:46:06,-1,82,181.55,0,129,-1,-1,3.443,2018-02-05 08:12:54
2018-02-05 08:46:06,-1,82,184.99,0,129,-1,-1,3.443,2018-02-05 08:12:55
2018-02-05 08:46:06,-1,82,188.41,0,129,-1,-1,3.424,2018-02-05 08:12:56
2018-02-05 08:46:06,-1,83,191.96,0,129,-1,-1,3.546,2018-02-05 08:12:57
2018-02-05 08:46:06,-1,83,195.49,0,129,-1,-1,3.527,2018-02-05 08:12:58
2018-02-05 08:46:06,-1,82,199.07,0,130,-1,-1,3.583,2018-02-05 08:12:59
2018-02-05 08:46:06,-1,82,202.43,0,130,-1,-1,3.359,2018-02-05 08:13:00
2018-02-05 08:46:06,-1,82,205.81,0,130,-1,-1,3.378,2018-02-05 08:13:01
2018-02-05 08:46:06,-1,82,209.22,0,131,-1,-1,3.415,2018-02-05 08:13:02
2018-02-05 08:46:06,-1,82,212.65,0,131,-1,-1,3.424,2018-02-05 08:13:03
2018-02-05 08:46:06,-1,82,216.01,0.5,132,-1,-1,3.368,2018-02-05 08:13:04
2018-02-05 08:46:06,-1,82,219.43,0.5,132,-1,-1,3.415,2018-02-05 08:13:05
2018-02-05 08:46:06,-1,82,222.84,0.5,133,-1,-1,3.406,2018-02-05 08:13:06
2018-02-05 08:46:06,-1,82,226.27,0.5,133,-1,-1,3.434,2018-02-05 08:13:07
2018-02-05 08:46:06,-1,84,229.77,0,134,-1,-1,3.499,2018-02-05 08:13:08
2018-02-05 08:46:06,-1,84,233.34,0,134,-1,-1,3.574,2018-02-05 08:13:09
2018-02-05 08:46:06,-1,82,236.94,0,135,-1,-1,3.602,2018-02-05 08:13:10
2018-02-05 08:46:06,-1,82,240.55,0,135,-1,-1,3.611,2018-02-05 08:13:11
2018-02-05 08:46:06,-1,82,244.2,0,136,-1,-1,3.648,2018-02-05 08:13:12
2018-02-05 08:46:06,-1,82,247.89,0,136,-1,-1,3.686,2018-02-05 08:13:13
2018-02-05 08:46:06,-1,83,251.61,0,137,-1,-1,3.723,2018-02-05 08:13:14
2018-02-05 08:46:06,-1,83,255.33,0,137,-1,-1,3.714,2018-02-05 08:13:15
2018-02-05 08:46:06,-1,83,258.98,0,137,-1,-1,3.658,2018-02-05 08:13:16
2018-02-05 08:46:06,-1,83,262.57,0,137,-1,-1,3.583,2018-02-05 08:13:17
2018-02-05 08:46:06,-1,83,266.13,0,137,-1,-1,3.564,2018-02-05 08:13:18
2018-02-05 08:46:06,-1,83,269.68,0,138,-1,-1,3.546,2018-02-05 08:13:19
2018-02-05 08:46:06,-1,83,273.22,0,138,-1,-1,3.546,2018-02-05 08:13:20
2018-02-05 08:46:06,-1,83,276.79,0,138,-1,-1,3.564,2018-02-05 08:13:21
2018-02-05 08:46:06,-1,83,280.38,0,138,-1,-1,3.592,2018-02-05 08:13:22
2018-02-05 08:46:06,-1,83,283.98,0,139,-1,-1,3.602,2018-02-05 08:13:23
2018-02-05 08:46:06,-1,83,287.59,0,139,-1,-1,3.611,2018-02-05 08:13:24
2018-02-05 08:46:06,-1,83,291.2,0,139,-1,-1,3.611,2018-02-05 08:13:25
2018-02-05 08:46:06,-1,83,294.81,0,139,-1,-1,3.611,2018-02-05 08:13:26
2018-02-05 08:46:06,-1,83,298.43,0,139,-1,-1,3.62,2018-02-05 08:13:27
2018-02-05 08:46:06,-1,83,302.04,0,140,-1,-1,3.611,2018-02-05 08:13:28
2018-02-05 08:46:06,-1,83,305.54,0,140,-1,-1,3.499,2018-02-05 08:13:29
2018-02-05 08:46:06,-1,81,309.04,0,140,-1,-1,3.499,2018-02-05 08:13:30
2018-02-05 08:46:06,-1,81,312.39,0,140,-1,-1,3.35,2018-02-05 08:13:31
2018-02-05 08:46:06,-1,82,315.79,0,140,-1,-1,3.396,2018-02-05 08:13:32
2018-02-05 08:46:06,-1,82,319.25,0,140,-1,-1,3.462,2018-02-05 08:13:33
2018-02-05 08:46:06,-1,82,322.74,0,139,-1,-1,3.49,2018-02-05 08:13:34
2018-02-05 08:46:06,-1,83,326.24,0,140,-1,-1,3.499,2018-02-05 08:13:35
2018-02-05 08:46:06,-1,83,329.77,0,139,-1,-1,3.536,2018-02-05 08:13:36
2018-02-05 08:46:06,-1,83,333.34,0,139,-1,-1,3.564,2018-02-05 08:13:37
2018-02-05 08:46:06,-1,82,336.94,0,139,-1,-1,3.602,2018-02-05 08:13:38
2018-02-05 08:46:06,-1,82,340.56,0,139,-1,-1,3.62,2018-02-05 08:13:39
2018-02-05 08:46:06,-1,82,344.13,0,139,-1,-1,3.564,2018-02-05 08:13:40
2018-02-05 08:46:06,-1,82,347.64,0,139,-1,-1,3.518,2018-02-05 08:13:41
2018-02-05 08:46:06,-1,82,351.18,0,139,-1,-1,3.536,2018-02-05 08:13:42
2018-02-05 08:46:06,-1,83,354.76,0,140,-1,-1,3.583,2018-02-05 08:13:43
2018-02-05 08:46:06,-1,82,358.41,0,140,-1,-1,3.648,2018-02-05 08:13:44
2018-02-05 08:46:06,-1,82,362.07,0,140,-1,-1,3.658,2018-02-05 08:13:45
2018-02-05 08:46:06,-1,82,365.71,0,141,-1,-1,3.639,2018-02-05 08:13:46
2018-02-05 08:46:06,-1,81,369.34,0,141,-1,-1,3.63,2018-02-05 08:13:47
2018-02-05 08:46:06,-1,81,372.95,0,141,-1,-1,3.611,2018-02-05 08:13:48
2018-02-05 08:46:06,-1,81,376.55,0,142,-1,-1,3.602,2018-02-05 08:13:49
2018-02-05 08:46:06,-1,81,380.13,0,141,-1,-1,3.583,2018-02-05 08:13:50
2018-02-05 08:46:06,-1,82,383.71,0,142,-1,-1,3.574,2018-02-05 08:13:51
2018-02-05 08:46:06,-1,82,387.29,0,142,-1,-1,3.583,2018-02-05 08:13:52
2018-02-05 08:46:06,-1,83,390.88,0,142,-1,-1,3.592,2018-02-05 08:13:53
2018-02-05 08:46:06,-1,83,394.5,0,142,-1,-1,3.62,2018-02-05 08:13:54
2018-02-05 08:46:06,-1,83,398.13,0,142,-1,-1,3.63,2018-02-05 08:13:55
2018-02-05 08:46:06,-1,83,401.77,0,142,-1,-1,3.639,2018-02-05 08:13:56
2018-02-05 08:46:06,-1,83,405.43,0,142,-1,-1,3.658,2018-02-05 08:13:57
2018-02-05 08:46:06,-1,82,409.09,0,142,-1,-1,3.658,2018-02-05 08:13:58
2018-02-05 08:46:06,-1,82,412.75,0,143,-1,-1,3.667,2018-02-05 08:13:59
2018-02-05 08:46:06,-1,82,416.43,0,142,-1,-1,3.676,2018-02-05 08:14:00
2018-02-05 08:46:06,-1,82,420.12,0,142,-1,-1,3.695,2018-02-05 08:14:01
2018-02-05 08:46:06,-1,83,423.81,0,143,-1,-1,3.686,2018-02-05 08:14:02
2018-02-05 08:46:06,-1,83,427.33,0,142,-1,-1,3.518,2018-02-05 08:14:03
2018-02-05 08:46:06,-1,83,430.84,0,142,-1,-1,3.518,2018-02-05 08:14:04
2018-02-05 08:46:06,-1,83,434.34,0,142,-1,-1,3.499,2018-02-05 08:14:05
2018-02-05 08:46:06,-1,83,437.77,0,142,-1,-1,3.424,2018-02-05 08:14:06
2018-02-05 08:46:06,-1,83,441.2,0,142,-1,-1,3.434,2018-02-05 08:14:07
2018-02-05 08:46:06,-1,83,444.62,0,142,-1,-1,3.415,2018-02-05 08:14:08
2018-02-05 08:46:06,-1,82,448,0,142,-1,-1,3.387,2018-02-05 08:14:09
2018-02-05 08:46:06,-1,82,451.42,0,142,-1,-1,3.415,2018-02-05 08:14:10
2018-02-05 08:46:06,-1,81,454.85,0,143,-1,-1,3.434,2018-02-05 08:14:11
2018-02-05 08:46:06,-1,81,458.27,0,142,-1,-1,3.415,2018-02-05 08:14:12
2018-02-05 08:46:06,-1,82,461.67,0,143,-1,-1,3.406,2018-02-05 08:14:13
2018-02-05 08:46:06,-1,82,465.1,0,143,-1,-1,3.424,2018-02-05 08:14:14
2018-02-05 08:46:06,-1,81,468.61,0,143,-1,-1,3.508,2018-02-05 08:14:15
2018-02-05 08:46:06,-1,81,472.15,0,143,-1,-1,3.546,2018-02-05 08:14:16
2018-02-05 08:46:06,-1,82,475.67,0,144,-1,-1,3.518,2018-02-05 08:14:17
2018-02-05 08:46:06,-1,82,479.19,0,144,-1,-1,3.518,2018-02-05 08:14:18
2018-02-05 08:46:06,-1,81,482.72,0,144,-1,-1,3.536,2018-02-05 08:14:19
2018-02-05 08:46:06,-1,81,486.32,0,144,-1,-1,3.592,2018-02-05 08:14:20
2018-02-05 08:46:06,-1,81,489.94,0,145,-1,-1,3.62,2018-02-05 08:14:21
2018-02-05 08:46:06,-1,81,493.58,0,145,-1,-1,3.639,2018-02-05 08:14:22
2018-02-05 08:46:06,-1,81,497.2,0,145,-1,-1,3.63,2018-02-05 08:14:23
2018-02-05 08:46:06,-1,81,500.81,0,146,-1,-1,3.602,2018-02-05 08:14:24
2018-02-05 08:46:06,-1,81,504.39,0,146,-1,-1,3.583,2018-02-05 08:14:25
2018-02-05 08:46:06,-1,81,507.94,0,146,-1,-1,3.555,2018-02-05 08:14:26
2018-02-05 08:46:06,-1,81,511.48,0,146,-1,-1,3.536,2018-02-05 08:14:27
2018-02-05 08:46:06,-1,81,515,0,146,-1,-1,3.518,2018-02-05 08:14:28
2018-02-05 08:46:06,-1,81,518.52,0,145,-1,-1,3.518,2018-02-05 08:14:29
2018-02-05 08:46:06,-1,82,522.05,0,145,-1,-1,3.536,2018-02-05 08:14:30
2018-02-05 08:46:06,-1,82,525.61,0,145,-1,-1,3.555,2018-02-05 08:14:31
2018-02-05 08:46:06,-1,82,529.18,0,145,-1,-1,3.574,2018-02-05 08:14:32
2018-02-05 08:46:06,-1,82,532.76,0,145,-1,-1,3.583,2018-02-05 08:14:33
2018-02-05 08:46:06,-1,81,536.35,0,144,-1,-1,3.583,2018-02-05 08:14:34
2018-02-05 08:46:06,-1,81,539.91,0,144,-1,-1,3.564,2018-02-05 08:14:35
2018-02-05 08:46:06,-1,81,543.46,0,144,-1,-1,3.546,2018-02-05 08:14:36
2018-02-05 08:46:06,-1,82,546.99,0,143,-1,-1,3.536,2018-02-05 08:14:37
2018-02-05 08:46:06,-1,82,550.52,0,144,-1,-1,3.527,2018-02-05 08:14:38
2018-02-05 08:46:06,-1,82,554.06,0,143,-1,-1,3.536,2018-02-05 08:14:39
2018-02-05 08:46:06,-1,81,557.61,0,144,-1,-1,3.555,2018-02-05 08:14:40
2018-02-05 08:46:06,-1,81,561.19,0,144,-1,-1,3.583,2018-02-05 08:14:41
2018-02-05 08:46:06,-1,81,564.8,0,144,-1,-1,3.602,2018-02-05 08:14:42
2018-02-05 08:46:06,-1,81,568.43,0,144,-1,-1,3.63,2018-02-05 08:14:43
2018-02-05 08:46:06,-1,81,572.06,0,144,-1,-1,3.63,2018-02-05 08:14:44
2018-02-05 08:46:06,-1,81,575.69,0,144,-1,-1,3.63,2018-02-05 08:14:45
2018-02-05 08:46:06,-1,81,579.29,0,143,-1,-1,3.602,2018-02-05 08:14:46
2018-02-05 08:46:06,-1,81,582.86,0,143,-1,-1,3.574,2018-02-05 08:14:47
2018-02-05 08:46:06,-1,81,586.4,0,143,-1,-1,3.536,2018-02-05 08:14:48
2018-02-05 08:46:06,-1,81,589.91,0,142,-1,-1,3.518,2018-02-05 08:14:49
2018-02-05 08:46:06,-1,81,593.37,0,142,-1,-1,3.452,2018-02-05 08:14:50
2018-02-05 08:46:06,-1,81,596.79,0,143,-1,-1,3.424,2018-02-05 08:14:51
2018-02-05 08:46:06,-1,81,600.3,0,144,-1,-1,3.508,2018-02-05 08:14:52
2018-02-05 08:46:06,-1,80,603.54,0,144,-1,-1,3.238,2018-02-05 08:14:53
2018-02-05 08:46:06,-1,79,606.9,0.5,144,-1,-1,3.359,2018-02-05 08:14:54
2018-02-05 08:46:06,-1,79,610.2,0.5,145,-1,-1,3.303,2018-02-05 08:14:55
2018-02-05 08:46:06,-1,79,613.39,0.5,145,-1,-1,3.191,2018-02-05 08:14:56
2018-02-05 08:46:06,-1,79,616.7,0.5,145,-1,-1,3.312,2018-02-05 08:14:57
2018-02-05 08:46:06,-1,79,619.97,0.5,145,-1,-1,3.266,2018-02-05 08:14:58
2018-02-05 08:46:06,-1,79,623.14,0.5,146,-1,-1,3.172,2018-02-05 08:14:59
2018-02-05 08:46:06,-1,79,626.37,0.5,147,-1,-1,3.228,2018-02-05 08:15:00
2018-02-05 08:46:06,-1,80,629.65,0,147,-1,-1,3.284,2018-02-05 08:15:01
2018-02-05 08:46:06,-1,80,632.99,0,148,-1,-1,3.331,2018-02-05 08:15:02
2018-02-05 08:46:06,-1,80,636.35,0,147,-1,-1,3.368,2018-02-05 08:15:03
2018-02-05 08:46:06,-1,80,639.66,0,148,-1,-1,3.303,2018-02-05 08:15:04
2018-02-05 08:46:06,-1,79,642.95,0.5,148,-1,-1,3.294,2018-02-05 08:15:05
2018-02-05 08:46:06,-1,79,646.22,0.5,148,-1,-1,3.266,2018-02-05 08:15:06
2018-02-05 08:46:06,-1,78,649.46,0.5,149,-1,-1,3.247,2018-02-05 08:15:07
2018-02-05 08:46:06,-1,78,652.69,0.5,149,-1,-1,3.228,2018-02-05 08:15:08
2018-02-05 08:46:06,-1,78,655.87,0.5,149,-1,-1,3.182,2018-02-05 08:15:09
2018-02-05 08:46:06,-1,78,659.04,0.5,149,-1,-1,3.163,2018-02-05 08:15:10
2018-02-05 08:46:06,-1,79,662.21,0.5,149,-1,-1,3.172,2018-02-05 08:15:11
2018-02-05 08:46:06,-1,80,665.38,0,150,-1,-1,3.172,2018-02-05 08:15:12
2018-02-05 08:46:06,-1,80,668.57,0,150,-1,-1,3.191,2018-02-05 08:15:13
2018-02-05 08:46:06,-1,80,671.79,0,151,-1,-1,3.219,2018-02-05 08:15:14
2018-02-05 08:46:06,-1,80,675.02,0,150,-1,-1,3.228,2018-02-05 08:15:15
2018-02-05 08:46:06,-1,79,678.27,0.5,150,-1,-1,3.247,2018-02-05 08:15:16
2018-02-05 08:46:06,-1,79,681.54,0.5,150,-1,-1,3.275,2018-02-05 08:15:17
2018-02-05 08:46:06,-1,80,684.85,0,150,-1,-1,3.312,2018-02-05 08:15:18
2018-02-05 08:46:06,-1,80,688.19,0,149,-1,-1,3.331,2018-02-05 08:15:19
2018-02-05 08:46:06,-1,80,691.47,0,148,-1,-1,3.284,2018-02-05 08:15:20
2018-02-05 08:46:06,-1,81,694.74,0,148,-1,-1,3.266,2018-02-05 08:15:21
2018-02-05 08:46:06,-1,81,697.99,0,147,-1,-1,3.256,2018-02-05 08:15:22
2018-02-05 08:46:06,-1,81,701.26,0,147,-1,-1,3.266,2018-02-05 08:15:23
2018-02-05 08:46:06,-1,81,704.53,0,146,-1,-1,3.275,2018-02-05 08:15:24
2018-02-05 08:46:06,-1,81,707.83,0,146,-1,-1,3.294,2018-02-05 08:15:25
2018-02-05 08:46:06,-1,81,711.13,0,146,-1,-1,3.303,2018-02-05 08:15:26
2018-02-05 08:46:06,-1,81,714.44,0,145,-1,-1,3.312,2018-02-05 08:15:27
2018-02-05 08:46:06,-1,81,717.75,0,145,-1,-1,3.303,2018-02-05 08:15:28
2018-02-05 08:46:06,-1,80,721.08,0,144,-1,-1,3.331,2018-02-05 08:15:29
2018-02-05 08:46:06,-1,80,724.4,0,144,-1,-1,3.322,2018-02-05 08:15:30
2018-02-05 08:46:06,-1,80,727.68,0,143,-1,-1,3.284,2018-02-05 08:15:31
2018-02-05 08:46:06,-1,80,730.97,0,143,-1,-1,3.284,2018-02-05 08:15:32
2018-02-05 08:46:06,-1,81,734.27,0,143,-1,-1,3.303,2018-02-05 08:15:33
2018-02-05 08:46:06,-1,81,737.56,0,143,-1,-1,3.294,2018-02-05 08:15:34
2018-02-05 08:46:06,-1,81,740.86,0,142,-1,-1,3.294,2018-02-05 08:15:35
2018-02-05 08:46:06,-1,80,744.13,0,143,-1,-1,3.275,2018-02-05 08:15:36
2018-02-05 08:46:06,-1,80,747.43,0,143,-1,-1,3.294,2018-02-05 08:15:37
2018-02-05 08:46:06,-1,80,750.75,0,143,-1,-1,3.322,2018-02-05 08:15:38
2018-02-05 08:46:06,-1,80,754.08,0,144,-1,-1,3.331,2018-02-05 08:15:39
2018-02-05 08:46:06,-1,80,757.41,0,145,-1,-1,3.331,2018-02-05 08:15:40
2018-02-05 08:46:06,-1,80,760.79,0,145,-1,-1,3.378,2018-02-05 08:15:41
2018-02-05 08:46:06,-1,80,764.21,0,145,-1,-1,3.424,2018-02-05 08:15:42
2018-02-05 08:46:06,-1,80,767.63,0,145,-1,-1,3.415,2018-02-05 08:15:43
2018-02-05 08:46:06,-1,79,771.03,0.5,145,-1,-1,3.406,2018-02-05 08:15:44
2018-02-05 08:46:06,-1,79,774.45,0.5,146,-1,-1,3.415,2018-02-05 08:15:45
2018-02-05 08:46:06,-1,79,777.85,0.5,145,-1,-1,3.406,2018-02-05 08:15:46
2018-02-05 08:46:06,-1,79,781.25,0.5,145,-1,-1,3.396,2018-02-05 08:15:47
2018-02-05 08:46:06,-1,79,784.64,0.5,145,-1,-1,3.387,2018-02-05 08:15:48
2018-02-05 08:46:06,-1,79,788.01,0.5,145,-1,-1,3.368,2018-02-05 08:15:49
2018-02-05 08:46:06,-1,79,791.37,0.5,145,-1,-1,3.368,2018-02-05 08:15:50
2018-02-05 08:46:06,-1,80,794.73,0,145,-1,-1,3.359,2018-02-05 08:15:51
2018-02-05 08:46:06,-1,80,798.16,0,146,-1,-1,3.424,2018-02-05 08:15:52
2018-02-05 08:46:06,-1,80,801.92,0,146,-1,-1,3.76,2018-02-05 08:15:53
2018-02-05 08:46:06,-1,84,806.39,0,147,-1,-1,4.469,2018-02-05 08:15:54
2018-02-05 08:46:06,-1,84,811,0,148,-1,-1,4.609,2018-02-05 08:15:55
2018-02-05 08:46:06,-1,93,815.85,0,149,-1,-1,4.852,2018-02-05 08:15:56
2018-02-05 08:46:06,-1,93,821.15,0,149,-1,-1,5.3,2018-02-05 08:15:57
2018-02-05 08:46:06,-1,93,826.56,0,151,-1,-1,5.412,2018-02-05 08:15:58
2018-02-05 08:46:06,-1,92,831.73,0,152,-1,-1,5.169,2018-02-05 08:15:59
2018-02-05 08:46:06,-1,92,836.69,0,153,-1,-1,4.964,2018-02-05 08:16:00
2018-02-05 08:46:06,-1,92,841.5,0,154,-1,-1,4.805,2018-02-05 08:16:01
2018-02-05 08:46:06,-1,90,846.25,0,156,-1,-1,4.749,2018-02-05 08:16:02
2018-02-05 08:46:06,-1,90,850.96,0,156,-1,-1,4.712,2018-02-05 08:16:03
2018-02-05 08:46:06,-1,91,855.67,0,157,-1,-1,4.712,2018-02-05 08:16:04
2018-02-05 08:46:06,-1,91,860.41,0,158,-1,-1,4.74,2018-02-05 08:16:05
2018-02-05 08:46:06,-1,91,865.12,0,158,-1,-1,4.712,2018-02-05 08:16:06
2018-02-05 08:46:06,-1,90,869.83,0.5,159,-1,-1,4.703,2018-02-05 08:16:07
2018-02-05 08:46:06,-1,90,874.48,0.5,159,-1,-1,4.656,2018-02-05 08:16:08
2018-02-05 08:46:06,-1,90,879.14,0.5,160,-1,-1,4.656,2018-02-05 08:16:09
2018-02-05 08:46:06,-1,90,883.78,0.5,160,-1,-1,4.647,2018-02-05 08:16:10
2018-02-05 08:46:06,-1,90,888.51,0.5,161,-1,-1,4.721,2018-02-05 08:16:11
2018-02-05 08:46:06,-1,90,893.42,0.5,161,-1,-1,4.917,2018-02-05 08:16:12
2018-02-05 08:46:06,-1,89,898.52,0.5,161,-1,-1,5.095,2018-02-05 08:16:13
2018-02-05 08:46:06,-1,89,903.66,0.5,162,-1,-1,5.141,2018-02-05 08:16:14
2018-02-05 08:46:06,-1,89,908.73,0.5,162,-1,-1,5.076,2018-02-05 08:16:15
2018-02-05 08:46:06,-1,89,913.73,0.5,162,-1,-1,4.992,2018-02-05 08:16:16
2018-02-05 08:46:06,-1,89,918.64,0.5,162,-1,-1,4.917,2018-02-05 08:16:17
2018-02-05 08:46:06,-1,89,923.5,0.5,163,-1,-1,4.852,2018-02-05 08:16:18
2018-02-05 08:46:06,-1,90,928.31,0.5,162,-1,-1,4.815,2018-02-05 08:16:19
2018-02-05 08:46:06,-1,90,933.13,0.5,162,-1,-1,4.815,2018-02-05 08:16:20
2018-02-05 08:46:06,-1,90,937.96,0.5,163,-1,-1,4.833,2018-02-05 08:16:21
2018-02-05 08:46:06,-1,90,942.81,0.5,163,-1,-1,4.852,2018-02-05 08:16:22
2018-02-05 08:46:06,-1,90,947.68,0.5,163,-1,-1,4.871,2018-02-05 08:16:23
2018-02-05 08:46:06,-1,89,952.57,0.5,163,-1,-1,4.889,2018-02-05 08:16:24
2018-02-05 08:46:06,-1,89,957.46,0.5,163,-1,-1,4.889,2018-02-05 08:16:25
2018-02-05 08:46:06,-1,88,962.35,0,163,-1,-1,4.889,2018-02-05 08:16:26
2018-02-05 08:46:06,-1,88,967.16,0,164,-1,-1,4.805,2018-02-05 08:16:27
2018-02-05 08:46:06,-1,88,971.96,0,164,-1,-1,4.805,2018-02-05 08:16:28
2018-02-05 08:46:06,-1,88,976.65,0,164,-1,-1,4.684,2018-02-05 08:16:29
2018-02-05 08:46:06,-1,88,980.95,0,164,-1,-1,4.301,2018-02-05 08:16:30
2018-02-05 08:46:06,-1,88,984.92,0,165,-1,-1,3.975,2018-02-05 08:16:31
2018-02-05 08:46:06,-1,87,988.85,0,165,-1,-1,3.928,2018-02-05 08:16:32
2018-02-05 08:46:06,-1,86,992.73,0,165,-1,-1,3.882,2018-02-05 08:16:33
2018-02-05 08:46:06,-1,82,996.54,0,165,-1,-1,3.807,2018-02-05 08:16:34
2018-02-05 08:46:06,-1,81,1000.32,0,165,-1,-1,3.779,2018-02-05 08:16:35
2018-02-05 08:46:06,-1,80,1004.04,0,164,-1,-1,3.723,2018-02-05 08:16:36
2018-02-05 08:46:06,-1,80,1007.64,0,164,-1,-1,3.602,2018-02-05 08:16:37
2018-02-05 08:46:06,-1,80,1011.06,0,163,-1,-1,3.415,2018-02-05 08:16:38
2018-02-05 08:46:06,-1,80,1014.5,0,163,-1,-1,3.443,2018-02-05 08:16:39
2018-02-05 08:46:06,-1,80,1017.98,0,162,-1,-1,3.48,2018-02-05 08:16:40
2018-02-05 08:46:06,-1,80,1021.47,0,161,-1,-1,3.49,2018-02-05 08:16:41
2018-02-05 08:46:06,-1,80,1024.96,0,162,-1,-1,3.49,2018-02-05 08:16:42
2018-02-05 08:46:06,-1,80,1028.48,0,161,-1,-1,3.518,2018-02-05 08:16:43
2018-02-05 08:46:06,-1,80,1032.04,0,161,-1,-1,3.564,2018-02-05 08:16:44
2018-02-05 08:46:06,-1,82,1035.62,0,161,-1,-1,3.574,2018-02-05 08:16:45
2018-02-05 08:46:06,-1,82,1039.16,0,161,-1,-1,3.546,2018-02-05 08:16:46
2018-02-05 08:46:06,-1,82,1042.68,0,161,-1,-1,3.518,2018-02-05 08:16:47
2018-02-05 08:46:06,-1,82,1046.19,0,161,-1,-1,3.518,2018-02-05 08:16:48
2018-02-05 08:46:06,-1,81,1049.76,0,161,-1,-1,3.564,2018-02-05 08:16:49
2018-02-05 08:46:06,-1,81,1053.39,0,161,-1,-1,3.63,2018-02-05 08:16:50
2018-02-05 08:46:06,-1,81,1057.09,0,161,-1,-1,3.695,2018-02-05 08:16:51
2018-02-05 08:46:06,-1,81,1060.81,0,161,-1,-1,3.723,2018-02-05 08:16:52
2018-02-05 08:46:06,-1,81,1064.55,0,162,-1,-1,3.742,2018-02-05 08:16:53
2018-02-05 08:46:06,-1,82,1068.31,0,161,-1,-1,3.76,2018-02-05 08:16:54
2018-02-05 08:46:06,-1,82,1072.1,0,161,-1,-1,3.788,2018-02-05 08:16:55
2018-02-05 08:46:06,-1,82,1075.9,0,162,-1,-1,3.807,2018-02-05 08:16:56
2018-02-05 08:46:06,-1,81,1079.69,0,162,-1,-1,3.779,2018-02-05 08:16:57
2018-02-05 08:46:06,-1,81,1083.46,0,162,-1,-1,3.779,2018-02-05 08:16:58
2018-02-05 08:46:06,-1,81,1087.29,0,162,-1,-1,3.826,2018-02-05 08:16:59
2018-02-05 08:46:06,-1,81,1091.07,0,163,-1,-1,3.779,2018-02-05 08:17:00
2018-02-05 08:46:06,-1,82,1094.78,0,162,-1,-1,3.714,2018-02-05 08:17:01
2018-02-05 08:46:06,-1,82,1098.5,0,163,-1,-1,3.714,2018-02-05 08:17:02
2018-02-05 08:46:06,-1,82,1102.2,0,163,-1,-1,3.704,2018-02-05 08:17:03
2018-02-05 08:46:06,-1,81,1105.93,0,163,-1,-1,3.732,2018-02-05 08:17:04
2018-02-05 08:46:06,-1,81,1109.66,0,163,-1,-1,3.732,2018-02-05 08:17:05
2018-02-05 08:46:06,-1,82,1113.41,0,163,-1,-1,3.751,2018-02-05 08:17:06
2018-02-05 08:46:06,-1,82,1117.18,0,164,-1,-1,3.77,2018-02-05 08:17:07
2018-02-05 08:46:06,-1,82,1120.95,0,164,-1,-1,3.77,2018-02-05 08:17:08
2018-02-05 08:46:06,-1,82,1124.7,0,164,-1,-1,3.751,2018-02-05 08:17:09
2018-02-05 08:46:06,-1,83,1128.45,0,164,-1,-1,3.751,2018-02-05 08:17:10
2018-02-05 08:46:06,-1,83,1132.21,0,164,-1,-1,3.751,2018-02-05 08:17:11
2018-02-05 08:46:06,-1,82,1135.96,0,163,-1,-1,3.751,2018-02-05 08:17:12
2018-02-05 08:46:06,-1,81,1139.7,0,163,-1,-1,3.742,2018-02-05 08:17:13
2018-02-05 08:46:06,-1,81,1143.44,0,163,-1,-1,3.742,2018-02-05 08:17:14
2018-02-05 08:46:06,-1,81,1147.18,0,163,-1,-1,3.742,2018-02-05 08:17:15
2018-02-05 08:46:06,-1,81,1150.92,0,163,-1,-1,3.732,2018-02-05 08:17:16
2018-02-05 08:46:06,-1,81,1154.64,0,162,-1,-1,3.723,2018-02-05 08:17:17
2018-02-05 08:46:06,-1,81,1158.35,0,162,-1,-1,3.714,2018-02-05 08:17:18
2018-02-05 08:46:06,-1,81,1162.06,0,162,-1,-1,3.704,2018-02-05 08:17:19
2018-02-05 08:46:06,-1,81,1165.75,0,162,-1,-1,3.695,2018-02-05 08:17:20
2018-02-05 08:46:06,-1,83,1169.43,0,162,-1,-1,3.686,2018-02-05 08:17:21
2018-02-05 08:46:06,-1,83,1173.12,0,162,-1,-1,3.686,2018-02-05 08:17:22
2018-02-05 08:46:06,-1,82,1176.83,0,162,-1,-1,3.714,2018-02-05 08:17:23
2018-02-05 08:46:06,-1,82,1180.58,0,163,-1,-1,3.751,2018-02-05 08:17:24
2018-02-05 08:46:06,-1,82,1184.36,0,162,-1,-1,3.77,2018-02-05 08:17:25
2018-02-05 08:46:06,-1,82,1188.16,0,163,-1,-1,3.807,2018-02-05 08:17:26
2018-02-05 08:46:06,-1,82,1191.96,0,162,-1,-1,3.798,2018-02-05 08:17:27
2018-02-05 08:46:06,-1,82,1195.73,0,162,-1,-1,3.77,2018-02-05 08:17:28
2018-02-05 08:46:06,-1,83,1199.47,0,162,-1,-1,3.742,2018-02-05 08:17:29
2018-02-05 08:46:06,-1,83,1203.2,0,161,-1,-1,3.732,2018-02-05 08:17:30
2018-02-05 08:46:06,-1,83,1206.92,0,161,-1,-1,3.714,2018-02-05 08:17:31
2018-02-05 08:46:06,-1,84,1210.63,0,160,-1,-1,3.714,2018-02-05 08:17:32
2018-02-05 08:46:06,-1,84,1214.35,0,160,-1,-1,3.723,2018-02-05 08:17:33
2018-02-05 08:46:06,-1,84,1218.07,0,159,-1,-1,3.704,2018-02-05 08:17:34
2018-02-05 08:46:06,-1,83,1221.68,0,159,-1,-1,3.62,2018-02-05 08:17:35
2018-02-05 08:46:06,-1,82,1225.29,0,159,-1,-1,3.611,2018-02-05 08:17:36
2018-02-05 08:46:06,-1,82,1228.93,0,159,-1,-1,3.639,2018-02-05 08:17:37
2018-02-05 08:46:06,-1,82,1232.58,0,159,-1,-1,3.648,2018-02-05 08:17:38
2018-02-05 08:46:06,-1,82,1236.23,0,159,-1,-1,3.658,2018-02-05 08:17:39
2018-02-05 08:46:06,-1,82,1239.88,0,159,-1,-1,3.648,2018-02-05 08:17:40
2018-02-05 08:46:06,-1,82,1243.53,0,159,-1,-1,3.648,2018-02-05 08:17:41
2018-02-05 08:46:06,-1,82,1247.19,0,159,-1,-1,3.658,2018-02-05 08:17:42
2018-02-05 08:46:06,-1,82,1250.86,0,159,-1,-1,3.676,2018-02-05 08:17:43
2018-02-05 08:46:06,-1,82,1254.59,0,159,-1,-1,3.723,2018-02-05 08:17:44
2018-02-05 08:46:06,-1,82,1258.31,0,159,-1,-1,3.723,2018-02-05 08:17:45
2018-02-05 08:46:06,-1,82,1261.97,0,159,-1,-1,3.658,2018-02-05 08:17:46
2018-02-05 08:46:06,-1,82,1276.26,0,71,-1,-1,3.686,2018-02-05 08:17:50
2018-02-05 08:46:06,-1,82,1279.95,0,71,-1,-1,3.686,2018-02-05 08:17:51
2018-02-05 08:46:06,-1,82,1283.7,0,76,-1,-1,3.751,2018-02-05 08:17:52
2018-02-05 08:46:06,-1,82,1287.45,0,76,-1,-1,3.751,2018-02-05 08:17:53
2018-02-05 08:46:06,-1,82,1291.34,0,79,-1,-1,3.891,2018-02-05 08:17:54
2018-02-05 08:46:06,-1,82,1295.23,0,80,-1,-1,3.891,2018-02-05 08:17:55
2018-02-05 08:46:06,-1,82,1299.08,0,84,-1,-1,3.854,2018-02-05 08:17:56
2018-02-05 08:46:06,-1,82,1302.94,0,84,-1,-1,3.854,2018-02-05 08:17:57
2018-02-05 08:46:06,-1,82,1310.48,0,160,-1,-1,3.751,2018-02-05 08:17:59
2018-02-05 08:46:06,-1,83,1314.19,0,160,-1,-1,3.714,2018-02-05 08:18:00
2018-02-05 08:46:06,-1,84,1317.98,0,160,-1,-1,3.788,2018-02-05 08:18:01
2018-02-05 08:46:06,-1,84,1321.77,0,160,-1,-1,3.788,2018-02-05 08:18:02
2018-02-05 08:46:06,-1,84,1325.56,0,160,-1,-1,3.788,2018-02-05 08:18:03
2018-02-05 08:46:06,-1,82,1329.34,0,161,-1,-1,3.788,2018-02-05 08:18:04
2018-02-05 08:46:06,-1,82,1333.06,0,160,-1,-1,3.714,2018-02-05 08:18:05
2018-02-05 08:46:06,-1,82,1336.82,0,160,-1,-1,3.76,2018-02-05 08:18:06
2018-02-05 08:46:06,-1,82,1340.59,0,160,-1,-1,3.77,2018-02-05 08:18:07
2018-02-05 08:46:06,-1,82,1344.35,0,159,-1,-1,3.76,2018-02-05 08:18:08
2018-02-05 08:46:06,-1,82,1348.09,0,159,-1,-1,3.742,2018-02-05 08:18:09
2018-02-05 08:46:06,-1,81,1351.85,0,159,-1,-1,3.76,2018-02-05 08:18:10
2018-02-05 08:46:06,-1,81,1355.64,0,158,-1,-1,3.779,2018-02-05 08:18:11
2018-02-05 08:46:06,-1,81,1359.34,0,158,-1,-1,3.714,2018-02-05 08:18:12
2018-02-05 08:46:06,-1,82,1363.06,0,159,-1,-1,3.714,2018-02-05 08:18:13
2018-02-05 08:46:06,-1,82,1366.75,0,159,-1,-1,3.695,2018-02-05 08:18:14
2018-02-05 08:46:06,-1,82,1370.43,0,159,-1,-1,3.676,2018-02-05 08:18:15
2018-02-05 08:46:06,-1,82,1374.13,0,159,-1,-1,3.704,2018-02-05 08:18:16
2018-02-05 08:46:06,-1,83,1378.04,0.5,159,-1,-1,3.91,2018-02-05 08:18:17
2018-02-05 08:46:06,-1,84,1382.22,0.5,160,-1,-1,4.18,2018-02-05 08:18:18
2018-02-05 08:46:06,-1,86,1386.54,0.5,160,-1,-1,4.32,2018-02-05 08:18:19
2018-02-05 08:46:06,-1,86,1390.91,0.5,160,-1,-1,4.367,2018-02-05 08:18:20
2018-02-05 08:46:06,-1,86,1395.25,0.5,160,-1,-1,4.339,2018-02-05 08:18:21
2018-02-05 08:46:06,-1,86,1399.57,0.5,161,-1,-1,4.32,2018-02-05 08:18:22
2018-02-05 08:46:06,-1,86,1403.89,0.5,162,-1,-1,4.32,2018-02-05 08:18:23
2018-02-05 08:46:06,-1,86,1408.1,0.5,162,-1,-1,4.208,2018-02-05 08:18:24
2018-02-05 08:46:06,-1,86,1412.14,0.5,162,-1,-1,4.05,2018-02-05 08:18:25
2018-02-05 08:46:06,-1,85,1416.08,0.5,162,-1,-1,3.928,2018-02-05 08:18:26
2018-02-05 08:46:06,-1,85,1420.07,0.5,163,-1,-1,3.994,2018-02-05 08:18:27
2018-02-05 08:46:06,-1,85,1424.2,0.5,163,-1,-1,4.133,2018-02-05 08:18:28
2018-02-05 08:46:06,-1,86,1428.43,0.5,164,-1,-1,4.227,2018-02-05 08:18:29
2018-02-05 08:46:06,-1,86,1432.77,0.5,165,-1,-1,4.339,2018-02-05 08:18:30
2018-02-05 08:46:06,-1,86,1437.23,0.5,165,-1,-1,4.46,2018-02-05 08:18:31
2018-02-05 08:46:06,-1,86,1441.78,0.5,166,-1,-1,4.553,2018-02-05 08:18:32
2018-02-05 08:46:06,-1,85,1446.39,0.5,166,-1,-1,4.609,2018-02-05 08:18:33
2018-02-05 08:46:06,-1,84,1450.97,0.5,165,-1,-1,4.581,2018-02-05 08:18:34
2018-02-05 08:46:06,-1,84,1455.78,0.5,165,-1,-1,4.815,2018-02-05 08:18:35
2018-02-05 08:46:06,-1,85,1460.97,0.5,165,-1,-1,5.188,2018-02-05 08:18:36
2018-02-05 08:46:06,-1,86,1466.32,0.5,166,-1,-1,5.346,2018-02-05 08:18:37
2018-02-05 08:46:06,-1,86,1471.88,0.5,166,-1,-1,5.561,2018-02-05 08:18:38
2018-02-05 08:46:06,-1,87,1477.56,0.5,167,-1,-1,5.673,2018-02-05 08:18:39
2018-02-05 08:46:06,-1,87,1483.2,0.5,167,-1,-1,5.645,2018-02-05 08:18:40
2018-02-05 08:46:06,-1,87,1488.85,0.5,166,-1,-1,5.645,2018-02-05 08:18:41
2018-02-05 08:46:06,-1,87,1494.54,0.5,166,-1,-1,5.701,2018-02-05 08:18:42
2018-02-05 08:46:06,-1,88,1500.03,0,166,-1,-1,5.477,2018-02-05 08:18:43
2018-02-05 08:46:06,-1,88,1505.5,0,166,-1,-1,5.477,2018-02-05 08:18:44
2018-02-05 08:46:06,-1,88,1510.88,0,167,-1,-1,5.384,2018-02-05 08:18:45
2018-02-05 08:46:06,-1,88,1516.2,0,167,-1,-1,5.318,2018-02-05 08:18:46
2018-02-05 08:46:06,-1,87,1521.5,0.5,168,-1,-1,5.3,2018-02-05 08:18:47
2018-02-05 08:46:06,-1,87,1526.81,0.5,168,-1,-1,5.3,2018-02-05 08:18:48
2018-02-05 08:46:06,-1,86,1532.01,0.5,168,-1,-1,5.207,2018-02-05 08:18:49
2018-02-05 08:46:06,-1,86,1536.95,0.5,169,-1,-1,4.945,2018-02-05 08:18:50
2018-02-05 08:46:06,-1,86,1541.73,0.5,169,-1,-1,4.777,2018-02-05 08:18:51
2018-02-05 08:46:06,-1,85,1546.49,0.5,169,-1,-1,4.759,2018-02-05 08:18:52
2018-02-05 08:46:06,-1,85,1551.25,0.5,169,-1,-1,4.759,2018-02-05 08:18:53
2018-02-05 08:46:06,-1,85,1555.83,0.5,169,-1,-1,4.581,2018-02-05 08:18:54
2018-02-05 08:46:06,-1,85,1560.14,0.5,169,-1,-1,4.311,2018-02-05 08:18:55
2018-02-05 08:46:06,-1,85,1564.02,0,169,-1,-1,3.882,2018-02-05 08:18:56
2018-02-05 08:46:06,-1,83,1567.71,0,169,-1,-1,3.686,2018-02-05 08:18:57
2018-02-05 08:46:06,-1,81,1571.49,0,169,-1,-1,3.779,2018-02-05 08:18:58
2018-02-05 08:46:06,-1,80,1575.23,0,169,-1,-1,3.742,2018-02-05 08:18:59
2018-02-05 08:46:06,-1,79,1578.88,0.5,169,-1,-1,3.648,2018-02-05 08:19:00
2018-02-05 08:46:06,-1,79,1582.39,0.5,168,-1,-1,3.518,2018-02-05 08:19:01
2018-02-05 08:46:06,-1,79,1585.88,0.5,168,-1,-1,3.49,2018-02-05 08:19:02
2018-02-05 08:46:06,-1,80,1589.37,0,167,-1,-1,3.49,2018-02-05 08:19:03
2018-02-05 08:46:06,-1,81,1592.9,0,167,-1,-1,3.527,2018-02-05 08:19:04
2018-02-05 08:46:06,-1,81,1596.49,0,167,-1,-1,3.583,2018-02-05 08:19:05
2018-02-05 08:46:06,-1,81,1600.02,0,167,-1,-1,3.536,2018-02-05 08:19:06
2018-02-05 08:46:06,-1,81,1603.5,0,167,-1,-1,3.48,2018-02-05 08:19:07
2018-02-05 08:46:06,-1,81,1606.87,0,166,-1,-1,3.368,2018-02-05 08:19:08
2018-02-05 08:46:06,-1,80,1610.26,0,166,-1,-1,3.396,2018-02-05 08:19:09
2018-02-05 08:46:06,-1,80,1613.74,0,166,-1,-1,3.48,2018-02-05 08:19:10
2018-02-05 08:46:06,-1,80,1617.23,0,165,-1,-1,3.48,2018-02-05 08:19:11
2018-02-05 08:46:06,-1,80,1620.72,0,165,-1,-1,3.499,2018-02-05 08:19:12
2018-02-05 08:46:06,-1,81,1624.25,0,164,-1,-1,3.527,2018-02-05 08:19:13
2018-02-05 08:46:06,-1,80,1627.78,0,164,-1,-1,3.527,2018-02-05 08:19:14
2018-02-05 08:46:06,-1,80,1631.3,0,164,-1,-1,3.527,2018-02-05 08:19:15
2018-02-05 08:46:06,-1,80,1634.81,0,164,-1,-1,3.508,2018-02-05 08:19:16
2018-02-05 08:46:06,-1,80,1638.3,0,165,-1,-1,3.49,2018-02-05 08:19:17
2018-02-05 08:46:06,-1,80,1641.8,0,165,-1,-1,3.49,2018-02-05 08:19:18
2018-02-05 08:46:06,-1,80,1645.28,0,165,-1,-1,3.49,2018-02-05 08:19:19
2018-02-05 08:46:06,-1,80,1648.7,0,166,-1,-1,3.415,2018-02-05 08:19:20
2018-02-05 08:46:06,-1,80,1652.12,0,166,-1,-1,3.415,2018-02-05 08:19:21
2018-02-05 08:46:06,-1,80,1655.51,0,166,-1,-1,3.396,2018-02-05 08:19:22
2018-02-05 08:46:06,-1,80,1658.91,0,165,-1,-1,3.406,2018-02-05 08:19:23
2018-02-05 08:46:06,-1,81,1662.32,0,166,-1,-1,3.406,2018-02-05 08:19:24
2018-02-05 08:46:06,-1,81,1665.73,0,165,-1,-1,3.406,2018-02-05 08:19:25
2018-02-05 08:46:06,-1,80,1669.13,0,165,-1,-1,3.406,2018-02-05 08:19:26
2018-02-05 08:46:06,-1,80,1672.54,0,166,-1,-1,3.406,2018-02-05 08:19:27
2018-02-05 08:46:06,-1,80,1675.94,0,166,-1,-1,3.406,2018-02-05 08:19:28
2018-02-05 08:46:06,-1,80,1679.35,0,166,-1,-1,3.406,2018-02-05 08:19:29
2018-02-05 08:46:06,-1,80,1682.75,0,166,-1,-1,3.406,2018-02-05 08:19:30
2018-02-05 08:46:06,-1,80,1686.16,0,166,-1,-1,3.406,2018-02-05 08:19:31
2018-02-05 08:46:06,-1,80,1689.67,0,166,-1,-1,3.508,2018-02-05 08:19:32
2018-02-05 08:46:06,-1,81,1693.31,0,166,-1,-1,3.639,2018-02-05 08:19:33
2018-02-05 08:46:06,-1,82,1696.95,0,165,-1,-1,3.639,2018-02-05 08:19:34
2018-02-05 08:46:06,-1,83,1700.59,0.5,166,-1,-1,3.648,2018-02-05 08:19:35
2018-02-05 08:46:06,-1,85,1704.25,0,166,-1,-1,3.648,2018-02-05 08:19:36
2018-02-05 08:46:06,-1,85,1707.89,0,166,-1,-1,3.648,2018-02-05 08:19:37
2018-02-05 08:46:06,-1,81,1711.56,0,166,-1,-1,3.667,2018-02-05 08:19:38
2018-02-05 08:46:06,-1,81,1715.18,0,165,-1,-1,3.62,2018-02-05 08:19:39
2018-02-05 08:46:06,-1,81,1718.8,0,165,-1,-1,3.62,2018-02-05 08:19:40
2018-02-05 08:46:06,-1,79,1722.41,0.5,165,-1,-1,3.611,2018-02-05 08:19:41
2018-02-05 08:46:06,-1,79,1725.95,0.5,165,-1,-1,3.536,2018-02-05 08:19:42
2018-02-05 08:46:06,-1,79,1729.49,0.5,165,-1,-1,3.536,2018-02-05 08:19:43
2018-02-05 08:46:06,-1,80,1732.95,0,165,-1,-1,3.471,2018-02-05 08:19:44
2018-02-05 08:46:06,-1,80,1736.42,0,165,-1,-1,3.471,2018-02-05 08:19:45
2018-02-05 08:46:06,-1,80,1739.89,0,165,-1,-1,3.462,2018-02-05 08:19:46
2018-02-05 08:46:06,-1,80,1743.36,0,165,-1,-1,3.471,2018-02-05 08:19:47
2018-02-05 08:46:06,-1,79,1746.84,0.5,165,-1,-1,3.48,2018-02-05 08:19:48
2018-02-05 08:46:06,-1,79,1750.32,0.5,165,-1,-1,3.48,2018-02-05 08:19:49
2018-02-05 08:46:06,-1,80,1753.79,0,164,-1,-1,3.471,2018-02-05 08:19:50
2018-02-05 08:46:06,-1,80,1757.24,0,164,-1,-1,3.452,2018-02-05 08:19:51
2018-02-05 08:46:06,-1,79,1760.69,0.5,164,-1,-1,3.452,2018-02-05 08:19:52
2018-02-05 08:46:06,-1,79,1764.15,0.5,163,-1,-1,3.452,2018-02-05 08:19:53
2018-02-05 08:46:06,-1,79,1767.57,0.5,163,-1,-1,3.424,2018-02-05 08:19:54
2018-02-05 08:46:06,-1,79,1770.99,0.5,163,-1,-1,3.424,2018-02-05 08:19:55
2018-02-05 08:46:06,-1,79,1774.45,0.5,163,-1,-1,3.452,2018-02-05 08:19:56
2018-02-05 08:46:06,-1,80,1777.91,0,163,-1,-1,3.462,2018-02-05 08:19:57
2018-02-05 08:46:06,-1,80,1781.37,0,163,-1,-1,3.462,2018-02-05 08:19:58
2018-02-05 08:46:06,-1,80,1784.81,0,163,-1,-1,3.443,2018-02-05 08:19:59
2018-02-05 08:46:06,-1,80,1788.27,0,163,-1,-1,3.452,2018-02-05 08:20:00
2018-02-05 08:46:06,-1,80,1791.72,0,163,-1,-1,3.452,2018-02-05 08:20:01
2018-02-05 08:46:06,-1,80,1795.17,0,163,-1,-1,3.452,2018-02-05 08:20:02
2018-02-05 08:46:06,-1,81,1798.67,0,163,-1,-1,3.443,2018-02-05 08:20:03
2018-02-05 08:46:06,-1,81,1802.06,0,164,-1,-1,3.443,2018-02-05 08:20:04
2018-02-05 08:46:06,-1,81,1805.52,0,163,-1,-1,3.462,2018-02-05 08:20:05
2018-02-05 08:46:06,-1,81,1808.98,0,164,-1,-1,3.462,2018-02-05 08:20:06
2018-02-05 08:46:06,-1,81,1812.46,0,163,-1,-1,3.48,2018-02-05 08:20:07
2018-02-05 08:46:06,-1,81,1816.01,0,163,-1,-1,3.546,2018-02-05 08:20:08
2018-02-05 08:46:06,-1,81,1819.55,0,162,-1,-1,3.546,2018-02-05 08:20:09
2018-02-05 08:46:06,-1,80,1823.18,0,162,-1,-1,3.63,2018-02-05 08:20:10
2018-02-05 08:46:06,-1,80,1826.82,0,162,-1,-1,3.639,2018-02-05 08:20:11
2018-02-05 08:46:06,-1,80,1830.44,0,162,-1,-1,3.62,2018-02-05 08:20:12
2018-02-05 08:46:06,-1,80,1834.06,0,161,-1,-1,3.62,2018-02-05 08:20:13
2018-02-05 08:46:06,-1,80,1837.66,0,160,-1,-1,3.602,2018-02-05 08:20:14
2018-02-05 08:46:06,-1,80,1841.26,0,160,-1,-1,3.602,2018-02-05 08:20:15
2018-02-05 08:46:06,-1,80,1844.86,0,160,-1,-1,3.592,2018-02-05 08:20:16
2018-02-05 08:46:06,-1,80,1848.45,0,160,-1,-1,3.592,2018-02-05 08:20:17
2018-02-05 08:46:06,-1,80,1852.06,0,159,-1,-1,3.611,2018-02-05 08:20:18
2018-02-05 08:46:06,-1,80,1855.68,0,159,-1,-1,3.62,2018-02-05 08:20:19
2018-02-05 08:46:06,-1,80,1859.3,0,159,-1,-1,3.62,2018-02-05 08:20:20
2018-02-05 08:46:06,-1,79,1862.92,0.5,158,-1,-1,3.62,2018-02-05 08:20:21
2018-02-05 08:46:06,-1,79,1866.51,0.5,158,-1,-1,3.592,2018-02-05 08:20:22
2018-02-05 08:46:06,-1,79,1870.11,0.5,158,-1,-1,3.592,2018-02-05 08:20:23
2018-02-05 08:46:06,-1,80,1873.69,0,158,-1,-1,3.583,2018-02-05 08:20:24
2018-02-05 08:46:06,-1,80,1877.27,0,159,-1,-1,3.583,2018-02-05 08:20:25
2018-02-05 08:46:06,-1,80,1880.92,0,160,-1,-1,3.648,2018-02-05 08:20:26
2018-02-05 08:46:06,-1,81,1884.57,0,160,-1,-1,3.648,2018-02-05 08:20:27
2018-02-05 08:46:06,-1,81,1888.24,0,160,-1,-1,3.676,2018-02-05 08:20:28
2018-02-05 08:46:06,-1,81,1891.98,0,161,-1,-1,3.732,2018-02-05 08:20:29
2018-02-05 08:46:06,-1,81,1895.79,0,161,-1,-1,3.807,2018-02-05 08:20:30
2018-02-05 08:46:06,-1,81,1899.59,0,161,-1,-1,3.807,2018-02-05 08:20:31
2018-02-05 08:46:06,-1,81,1903.42,0,162,-1,-1,3.826,2018-02-05 08:20:32
2018-02-05 08:46:06,-1,80,1907.25,0,162,-1,-1,3.826,2018-02-05 08:20:33
2018-02-05 08:46:06,-1,80,1910.95,0,161,-1,-1,3.704,2018-02-05 08:20:34
2018-02-05 08:46:06,-1,80,1914.65,0,161,-1,-1,3.704,2018-02-05 08:20:35
2018-02-05 08:46:06,-1,80,1918.3,0,161,-1,-1,3.648,2018-02-05 08:20:36
2018-02-05 08:46:06,-1,80,1921.93,0,160,-1,-1,3.63,2018-02-05 08:20:37
2018-02-05 08:46:06,-1,80,1925.51,0,160,-1,-1,3.583,2018-02-05 08:20:38
2018-02-05 08:46:06,-1,80,1929.09,0,160,-1,-1,3.583,2018-02-05 08:20:39
2018-02-05 08:46:06,-1,80,1932.64,0,160,-1,-1,3.546,2018-02-05 08:20:40
2018-02-05 08:46:06,-1,80,1936.19,0,159,-1,-1,3.555,2018-02-05 08:20:41
2018-02-05 08:46:06,-1,80,1939.76,0,159,-1,-1,3.564,2018-02-05 08:20:42
2018-02-05 08:46:06,-1,80,1943.32,0,159,-1,-1,3.564,2018-02-05 08:20:43
2018-02-05 08:46:06,-1,80,1946.87,0,159,-1,-1,3.546,2018-02-05 08:20:44
2018-02-05 08:46:06,-1,80,1950.39,0,159,-1,-1,3.518,2018-02-05 08:20:45
2018-02-05 08:46:06,-1,79,1953.9,0.5,159,-1,-1,3.518,2018-02-05 08:20:46
2018-02-05 08:46:06,-1,79,1957.42,0.5,159,-1,-1,3.518,2018-02-05 08:20:47
2018-02-05 08:46:06,-1,80,1960.92,0,159,-1,-1,3.499,2018-02-05 08:20:48
2018-02-05 08:46:06,-1,80,1964.45,0,160,-1,-1,3.527,2018-02-05 08:20:49
2018-02-05 08:46:06,-1,80,1968.11,0,160,-1,-1,3.658,2018-02-05 08:20:50
2018-02-05 08:46:06,-1,80,1971.77,0,161,-1,-1,3.667,2018-02-05 08:20:51
2018-02-05 08:46:06,-1,81,1975.44,0,161,-1,-1,3.667,2018-02-05 08:20:52
2018-02-05 08:46:06,-1,81,1979.09,0,162,-1,-1,3.648,2018-02-05 08:20:53
2018-02-05 08:46:06,-1,81,1982.59,0,162,-1,-1,3.499,2018-02-05 08:20:54
2018-02-05 08:46:06,-1,81,1985.7,0,163,-1,-1,3.116,2018-02-05 08:20:55
2018-02-05 08:46:06,-1,81,1988.82,0,163,-1,-1,3.116,2018-02-05 08:20:56
2018-02-05 08:46:06,-1,82,1992.2,0.5,164,-1,-1,3.378,2018-02-05 08:20:57
2018-02-05 08:46:06,-1,82,1995.58,0.5,164,-1,-1,3.378,2018-02-05 08:20:58
2018-02-05 08:46:06,-1,82,1999.11,0.5,164,-1,-1,3.527,2018-02-05 08:20:59
2018-02-05 08:46:06,-1,82,2002.63,0.5,164,-1,-1,3.527,2018-02-05 08:21:00
2018-02-05 08:46:06,-1,81,2006.22,0,164,-1,-1,3.592,2018-02-05 08:21:01
2018-02-05 08:46:06,-1,81,2009.82,0,164,-1,-1,3.602,2018-02-05 08:21:02
2018-02-05 08:46:06,-1,80,2013.46,0,164,-1,-1,3.639,2018-02-05 08:21:03
2018-02-05 08:46:06,-1,80,2017.1,0,163,-1,-1,3.639,2018-02-05 08:21:04
2018-02-05 08:46:06,-1,81,2020.82,0,162,-1,-1,3.714,2018-02-05 08:21:05
2018-02-05 08:46:06,-1,81,2024.53,0,163,-1,-1,3.714,2018-02-05 08:21:06
2018-02-05 08:46:06,-1,81,2028.2,0,162,-1,-1,3.667,2018-02-05 08:21:07
2018-02-05 08:46:06,-1,81,2031.88,0,160,-1,-1,3.686,2018-02-05 08:21:08
2018-02-05 08:46:06,-1,80,2035.57,0,160,-1,-1,3.686,2018-02-05 08:21:09
2018-02-05 08:46:06,-1,79,2039.24,0.5,159,-1,-1,3.676,2018-02-05 08:21:10
2018-02-05 08:46:06,-1,79,2042.86,0.5,158,-1,-1,3.62,2018-02-05 08:21:11
2018-02-05 08:46:06,-1,79,2046.48,0.5,158,-1,-1,3.62,2018-02-05 08:21:12
2018-02-05 08:46:06,-1,79,2050.1,0.5,157,-1,-1,3.62,2018-02-05 08:21:13
2018-02-05 08:46:06,-1,79,2053.69,0.5,158,-1,-1,3.583,2018-02-05 08:21:14
2018-02-05 08:46:06,-1,80,2057.27,0,158,-1,-1,3.583,2018-02-05 08:21:15
2018-02-05 08:46:06,-1,80,2060.87,0,158,-1,-1,3.602,2018-02-05 08:21:16
2018-02-05 08:46:06,-1,80,2064.53,0,158,-1,-1,3.658,2018-02-05 08:21:17
2018-02-05 08:46:06,-1,80,2068.19,0,158,-1,-1,3.658,2018-02-05 08:21:18
2018-02-05 08:46:06,-1,80,2071.85,0,159,-1,-1,3.667,2018-02-05 08:21:19
2018-02-05 08:46:06,-1,79,2075.54,0.5,159,-1,-1,3.686,2018-02-05 08:21:20
2018-02-05 08:46:06,-1,79,2079.23,0.5,159,-1,-1,3.686,2018-02-05 08:21:21
2018-02-05 08:46:06,-1,79,2082.92,0.5,160,-1,-1,3.695,2018-02-05 08:21:22
2018-02-05 08:46:06,-1,80,2086.6,0,161,-1,-1,3.676,2018-02-05 08:21:23
2018-02-05 08:46:06,-1,80,2090.28,0,161,-1,-1,3.676,2018-02-05 08:21:24
2018-02-05 08:46:06,-1,80,2093.98,0,161,-1,-1,3.704,2018-02-05 08:21:25
2018-02-05 08:46:06,-1,81,2097.7,0,162,-1,-1,3.723,2018-02-05 08:21:26
2018-02-05 08:46:06,-1,81,2101.42,0,162,-1,-1,3.723,2018-02-05 08:21:27
2018-02-05 08:46:06,-1,81,2105.16,0,162,-1,-1,3.742,2018-02-05 08:21:28
2018-02-05 08:46:06,-1,81,2108.95,0,162,-1,-1,3.788,2018-02-05 08:21:29
2018-02-05 08:46:06,-1,81,2112.74,0,162,-1,-1,3.788,2018-02-05 08:21:30
2018-02-05 08:46:06,-1,81,2116.54,0,162,-1,-1,3.798,2018-02-05 08:21:31
2018-02-05 08:46:06,-1,80,2120.32,0,161,-1,-1,3.779,2018-02-05 08:21:32
2018-02-05 08:46:06,-1,80,2124.1,0,161,-1,-1,3.779,2018-02-05 08:21:33
2018-02-05 08:46:06,-1,80,2127.88,0,161,-1,-1,3.779,2018-02-05 08:21:34
2018-02-05 08:46:06,-1,81,2131.64,0,162,-1,-1,3.76,2018-02-05 08:21:35
2018-02-05 08:46:06,-1,81,2135.4,0,162,-1,-1,3.76,2018-02-05 08:21:36
2018-02-05 08:46:06,-1,82,2139.12,0,162,-1,-1,3.723,2018-02-05 08:21:37
2018-02-05 08:46:06,-1,82,2142.69,0,162,-1,-1,3.574,2018-02-05 08:21:38
2018-02-05 08:46:06,-1,82,2146.27,0,162,-1,-1,3.574,2018-02-05 08:21:39
2018-02-05 08:46:06,-1,81,2149.81,0,162,-1,-1,3.546,2018-02-05 08:21:40
2018-02-05 08:46:06,-1,81,2153.24,0,162,-1,-1,3.424,2018-02-05 08:21:41
2018-02-05 08:46:06,-1,81,2156.66,0,162,-1,-1,3.424,2018-02-05 08:21:42
2018-02-05 08:46:06,-1,81,2160.08,0,162,-1,-1,3.406,2018-02-05 08:21:43
2018-02-05 08:46:06,-1,81,2163.48,0,162,-1,-1,3.415,2018-02-05 08:21:44
2018-02-05 08:46:06,-1,82,2166.9,0,163,-1,-1,3.415,2018-02-05 08:21:45
2018-02-05 08:46:06,-1,82,2170.31,0,163,-1,-1,3.415,2018-02-05 08:21:46
2018-02-05 08:46:06,-1,82,2173.82,0,163,-1,-1,3.508,2018-02-05 08:21:47
2018-02-05 08:46:06,-1,82,2177.33,0,163,-1,-1,3.508,2018-02-05 08:21:48
2018-02-05 08:46:06,-1,82,2181.06,0,163,-1,-1,3.732,2018-02-05 08:21:49
2018-02-05 08:46:06,-1,82,2184.89,0,163,-1,-1,3.826,2018-02-05 08:21:50
2018-02-05 08:46:06,-1,82,2188.77,0,162,-1,-1,3.882,2018-02-05 08:21:51
2018-02-05 08:46:06,-1,81,2192.65,0,162,-1,-1,3.882,2018-02-05 08:21:52
2018-02-05 08:46:06,-1,81,2196.44,0,162,-1,-1,3.788,2018-02-05 08:21:53
2018-02-05 08:46:06,-1,80,2200.23,0,161,-1,-1,3.788,2018-02-05 08:21:54
2018-02-05 08:46:06,-1,79,2204,0.5,161,-1,-1,3.779,2018-02-05 08:21:55
2018-02-05 08:46:06,-1,79,2207.7,0.5,162,-1,-1,3.695,2018-02-05 08:21:56
2018-02-05 08:46:06,-1,79,2211.39,0.5,162,-1,-1,3.695,2018-02-05 08:21:57
2018-02-05 08:46:06,-1,80,2215.07,0,161,-1,-1,3.676,2018-02-05 08:21:58
2018-02-05 08:46:06,-1,81,2218.73,0,162,-1,-1,3.658,2018-02-05 08:21:59
2018-02-05 08:46:06,-1,81,2222.39,0,161,-1,-1,3.658,2018-02-05 08:22:00
2018-02-05 08:46:06,-1,80,2226.09,0,162,-1,-1,3.704,2018-02-05 08:22:01
2018-02-05 08:46:06,-1,80,2229.83,0,162,-1,-1,3.742,2018-02-05 08:22:02
2018-02-05 08:46:06,-1,81,2233.57,0,163,-1,-1,3.742,2018-02-05 08:22:03
2018-02-05 08:46:06,-1,81,2237.32,0,163,-1,-1,3.742,2018-02-05 08:22:04
2018-02-05 08:46:06,-1,81,2241.05,0,163,-1,-1,3.732,2018-02-05 08:22:05
2018-02-05 08:46:06,-1,81,2244.77,0,163,-1,-1,3.723,2018-02-05 08:22:06
2018-02-05 08:46:06,-1,81,2248.45,0,163,-1,-1,3.676,2018-02-05 08:22:07
2018-02-05 08:46:06,-1,81,2252.12,0,164,-1,-1,3.676,2018-02-05 08:22:08
2018-02-05 08:46:06,-1,80,2255.79,0,164,-1,-1,3.667,2018-02-05 08:22:09
2018-02-05 08:46:06,-1,80,2259.46,0,164,-1,-1,3.667,2018-02-05 08:22:10
2018-02-05 08:46:06,-1,80,2263.11,0,165,-1,-1,3.658,2018-02-05 08:22:11
2018-02-05 08:46:06,-1,80,2266.7,0,165,-1,-1,3.583,2018-02-05 08:22:12
2018-02-05 08:46:06,-1,80,2270.28,0,165,-1,-1,3.583,2018-02-05 08:22:13
2018-02-05 08:46:06,-1,80,2273.67,0,164,-1,-1,3.387,2018-02-05 08:22:14
2018-02-05 08:46:06,-1,80,2277.05,0,164,-1,-1,3.387,2018-02-05 08:22:15
2018-02-05 08:46:06,-1,80,2280.5,0,164,-1,-1,3.443,2018-02-05 08:22:16
2018-02-05 08:46:06,-1,80,2283.91,0,163,-1,-1,3.415,2018-02-05 08:22:17
2018-02-05 08:46:06,-1,80,2287.33,0,163,-1,-1,3.415,2018-02-05 08:22:18
2018-02-05 08:46:06,-1,80,2290.78,0,164,-1,-1,3.452,2018-02-05 08:22:19
2018-02-05 08:46:06,-1,83,2294.3,0.5,163,-1,-1,3.518,2018-02-05 08:22:20
2018-02-05 08:46:06,-1,83,2298.44,0.5,164,-1,-1,4.143,2018-02-05 08:22:21
2018-02-05 08:46:06,-1,83,2303.53,0.5,164,-1,-1,5.095,2018-02-05 08:22:22
2018-02-05 08:46:06,-1,86,2308.77,0.5,164,-1,-1,5.235,2018-02-05 08:22:23
2018-02-05 08:46:06,-1,88,2313.88,0,165,-1,-1,5.113,2018-02-05 08:22:24
2018-02-05 08:46:06,-1,88,2318.38,0,166,-1,-1,4.497,2018-02-05 08:22:25
2018-02-05 08:46:06,-1,88,2322.88,0,166,-1,-1,4.497,2018-02-05 08:22:26
2018-02-05 08:46:06,-1,88,2327.35,0,167,-1,-1,4.469,2018-02-05 08:22:27
2018-02-05 08:46:06,-1,88,2331.82,0,167,-1,-1,4.469,2018-02-05 08:22:28
2018-02-05 08:46:06,-1,88,2336.31,0,168,-1,-1,4.497,2018-02-05 08:22:29
2018-02-05 08:46:06,-1,88,2340.81,0,168,-1,-1,4.497,2018-02-05 08:22:30
2018-02-05 08:46:06,-1,86,2345.28,0.5,168,-1,-1,4.46,2018-02-05 08:22:31
2018-02-05 08:46:06,-1,86,2349.73,0.5,168,-1,-1,4.46,2018-02-05 08:22:32
2018-02-05 08:46:06,-1,86,2354.26,0.5,169,-1,-1,4.525,2018-02-05 08:22:33
2018-02-05 08:46:06,-1,86,2358.78,0.5,169,-1,-1,4.525,2018-02-05 08:22:34
2018-02-05 08:46:06,-1,86,2363.44,0.5,169,-1,-1,4.656,2018-02-05 08:22:35
2018-02-05 08:46:06,-1,86,2368.1,0.5,169,-1,-1,4.656,2018-02-05 08:22:36
2018-02-05 08:46:06,-1,85,2373.37,0.5,169,-1,-1,5.272,2018-02-05 08:22:37
2018-02-05 08:46:06,-1,85,2378.64,0.5,169,-1,-1,5.272,2018-02-05 08:22:38
2018-02-05 08:46:06,-1,84,2383.94,0.5,169,-1,-1,5.3,2018-02-05 08:22:39
2018-02-05 08:46:06,-1,84,2389.24,0.5,170,-1,-1,5.3,2018-02-05 08:22:40
2018-02-05 08:46:06,-1,83,2394.29,0,170,-1,-1,5.057,2018-02-05 08:22:41
2018-02-05 08:46:06,-1,83,2399.35,0,170,-1,-1,5.057,2018-02-05 08:22:42
2018-02-05 08:46:06,-1,83,2404.15,0,170,-1,-1,4.796,2018-02-05 08:22:43
2018-02-05 08:46:06,-1,83,2408.94,0,171,-1,-1,4.796,2018-02-05 08:22:44
2018-02-05 08:46:06,-1,83,2413.41,0.5,171,-1,-1,4.46,2018-02-05 08:22:45
2018-02-05 08:46:06,-1,83,2417.87,0.5,171,-1,-1,4.46,2018-02-05 08:22:46
2018-02-05 08:46:06,-1,83,2422.52,0.5,171,-1,-1,4.656,2018-02-05 08:22:47
2018-02-05 08:46:06,-1,83,2427.17,0.5,171,-1,-1,4.656,2018-02-05 08:22:48
2018-02-05 08:46:06,-1,83,2431.83,0.5,171,-1,-1,4.656,2018-02-05 08:22:49
2018-02-05 08:46:06,-1,84,2436.49,0.5,171,-1,-1,4.656,2018-02-05 08:22:50
2018-02-05 08:46:06,-1,85,2441.13,0.5,171,-1,-1,4.647,2018-02-05 08:22:51
2018-02-05 08:46:06,-1,85,2445.93,0.5,171,-1,-1,4.796,2018-02-05 08:22:52
2018-02-05 08:46:06,-1,85,2450.73,0.5,171,-1,-1,4.796,2018-02-05 08:22:53
2018-02-05 08:46:06,-1,84,2455.52,0.5,171,-1,-1,4.796,2018-02-05 08:22:54
2018-02-05 08:46:06,-1,84,2460.32,0.5,170,-1,-1,4.796,2018-02-05 08:22:55
2018-02-05 08:46:06,-1,84,2465.04,0.5,170,-1,-1,4.721,2018-02-05 08:22:56
2018-02-05 08:46:06,-1,84,2469.76,0.5,170,-1,-1,4.721,2018-02-05 08:22:57
2018-02-05 08:46:06,-1,84,2474.46,0.5,170,-1,-1,4.693,2018-02-05 08:22:58
2018-02-05 08:46:06,-1,84,2478.91,0.5,171,-1,-1,4.46,2018-02-05 08:22:59
2018-02-05 08:46:06,-1,85,2483.05,0,171,-1,-1,4.133,2018-02-05 08:23:00
2018-02-05 08:46:06,-1,84,2486.72,0.5,171,-1,-1,3.667,2018-02-05 08:23:01
2018-02-05 08:46:06,-1,84,2490.33,0,171,-1,-1,3.62,2018-02-05 08:23:02
2018-02-05 08:46:06,-1,82,2494.04,0,171,-1,-1,3.704,2018-02-05 08:23:03
2018-02-05 08:46:06,-1,80,2497.7,0,171,-1,-1,3.658,2018-02-05 08:23:04
2018-02-05 08:46:06,-1,79,2501.09,0.5,171,-1,-1,3.396,2018-02-05 08:23:05
2018-02-05 08:46:06,-1,78,2504.46,0.5,171,-1,-1,3.368,2018-02-05 08:23:06
2018-02-05 08:46:06,-1,78,2507.72,0.5,171,-1,-1,3.256,2018-02-05 08:23:07
2018-02-05 08:46:06,-1,79,2511.05,0.5,171,-1,-1,3.331,2018-02-05 08:23:08
2018-02-05 08:46:06,-1,80,2514.38,0,171,-1,-1,3.331,2018-02-05 08:23:09
2018-02-05 08:46:06,-1,80,2517.79,0,171,-1,-1,3.406,2018-02-05 08:23:10
2018-02-05 08:46:06,-1,81,2521.24,0,171,-1,-1,3.452,2018-02-05 08:23:11
2018-02-05 08:46:06,-1,81,2524.73,0,171,-1,-1,3.49,2018-02-05 08:23:12
2018-02-05 08:46:06,-1,81,2528.25,0,171,-1,-1,3.518,2018-02-05 08:23:13
2018-02-05 08:46:06,-1,82,2531.72,0,171,-1,-1,3.471,2018-02-05 08:23:14
2018-02-05 08:46:06,-1,82,2535.19,0,170,-1,-1,3.471,2018-02-05 08:23:15
2018-02-05 08:46:06,-1,82,2538.66,0,170,-1,-1,3.471,2018-02-05 08:23:16
2018-02-05 08:46:06,-1,82,2542.17,0,170,-1,-1,3.508,2018-02-05 08:23:17
2018-02-05 08:46:06,-1,82,2545.68,0,170,-1,-1,3.508,2018-02-05 08:23:18
2018-02-05 08:46:06,-1,82,2549.2,0,170,-1,-1,3.518,2018-02-05 08:23:19
2018-02-05 08:46:06,-1,81,2552.75,0,170,-1,-1,3.555,2018-02-05 08:23:20
2018-02-05 08:46:06,-1,81,2556.3,0,171,-1,-1,3.555,2018-02-05 08:23:21
2018-02-05 08:46:06,-1,81,2559.87,0,170,-1,-1,3.564,2018-02-05 08:23:22
2018-02-05 08:46:06,-1,81,2563.43,0,170,-1,-1,3.564,2018-02-05 08:23:23
2018-02-05 08:46:06,-1,81,2567.05,0,170,-1,-1,3.611,2018-02-05 08:23:24
2018-02-05 08:46:06,-1,81,2570.65,0,170,-1,-1,3.611,2018-02-05 08:23:25
2018-02-05 08:46:06,-1,80,2574.27,0,170,-1,-1,3.62,2018-02-05 08:23:26
2018-02-05 08:46:06,-1,80,2577.93,0,170,-1,-1,3.658,2018-02-05 08:23:27
2018-02-05 08:46:06,-1,80,2581.59,0,169,-1,-1,3.658,2018-02-05 08:23:28
2018-02-05 08:46:06,-1,80,2585.28,0,170,-1,-1,3.686,2018-02-05 08:23:29
2018-02-05 08:46:06,-1,80,2588.96,0,169,-1,-1,3.686,2018-02-05 08:23:30
2018-02-05 08:46:06,-1,80,2592.61,0,170,-1,-1,3.648,2018-02-05 08:23:31
2018-02-05 08:46:06,-1,79,2596.21,0.5,169,-1,-1,3.602,2018-02-05 08:23:32
2018-02-05 08:46:06,-1,79,2599.81,0.5,169,-1,-1,3.602,2018-02-05 08:23:33
2018-02-05 08:46:06,-1,79,2603.35,0.5,169,-1,-1,3.527,2018-02-05 08:23:34
2018-02-05 08:46:06,-1,79,2606.87,0.5,168,-1,-1,3.527,2018-02-05 08:23:35
2018-02-05 08:46:06,-1,80,2610.15,0,169,-1,-1,3.284,2018-02-05 08:23:36
2018-02-05 08:46:06,-1,80,2613.43,0,168,-1,-1,3.284,2018-02-05 08:23:37
2018-02-05 08:46:06,-1,80,2616.66,0,168,-1,-1,3.228,2018-02-05 08:23:38
2018-02-05 08:46:06,-1,81,2620.01,0,169,-1,-1,3.35,2018-02-05 08:23:39
2018-02-05 08:46:06,-1,81,2623.36,0,168,-1,-1,3.35,2018-02-05 08:23:40
2018-02-05 08:46:06,-1,80,2626.76,0,168,-1,-1,3.396,2018-02-05 08:23:41
2018-02-05 08:46:06,-1,80,2630.08,0,167,-1,-1,3.322,2018-02-05 08:23:42
2018-02-05 08:46:06,-1,80,2633.4,0,167,-1,-1,3.322,2018-02-05 08:23:43
2018-02-05 08:46:06,-1,80,2636.78,0,167,-1,-1,3.378,2018-02-05 08:23:44
2018-02-05 08:46:06,-1,80,2640.28,0,166,-1,-1,3.499,2018-02-05 08:23:45
2018-02-05 08:46:06,-1,80,2643.78,0,166,-1,-1,3.499,2018-02-05 08:23:46
2018-02-05 08:46:06,-1,81,2647.25,0,166,-1,-1,3.471,2018-02-05 08:23:47
2018-02-05 08:46:06,-1,81,2650.72,0,167,-1,-1,3.471,2018-02-05 08:23:48
2018-02-05 08:46:06,-1,80,2654.24,0,167,-1,-1,3.518,2018-02-05 08:23:49
2018-02-05 08:46:06,-1,80,2657.76,0,167,-1,-1,3.518,2018-02-05 08:23:50
2018-02-05 08:46:06,-1,80,2661.29,0,167,-1,-1,3.536,2018-02-05 08:23:51
2018-02-05 08:46:06,-1,80,2664.83,0,166,-1,-1,3.536,2018-02-05 08:23:52
2018-02-05 08:46:06,-1,79,2668.44,0.5,166,-1,-1,3.611,2018-02-05 08:23:53
2018-02-05 08:46:06,-1,79,2672.05,0.5,166,-1,-1,3.611,2018-02-05 08:23:54
2018-02-05 08:46:06,-1,79,2675.63,0.5,166,-1,-1,3.583,2018-02-05 08:23:55
2018-02-05 08:46:06,-1,79,2679.22,0.5,166,-1,-1,3.583,2018-02-05 08:23:56
2018-02-05 08:46:06,-1,80,2682.79,0,166,-1,-1,3.574,2018-02-05 08:23:57
2018-02-05 08:46:06,-1,80,2686.36,0,167,-1,-1,3.574,2018-02-05 08:23:58
2018-02-05 08:46:06,-1,81,2689.89,0,167,-1,-1,3.527,2018-02-05 08:23:59
2018-02-05 08:46:06,-1,81,2693.42,0,167,-1,-1,3.527,2018-02-05 08:24:00
2018-02-05 08:46:06,-1,81,2696.93,0,167,-1,-1,3.508,2018-02-05 08:24:01
2018-02-05 08:46:06,-1,82,2700.45,0,166,-1,-1,3.527,2018-02-05 08:24:02
2018-02-05 08:46:06,-1,82,2704,0,166,-1,-1,3.546,2018-02-05 08:24:03
2018-02-05 08:46:06,-1,82,2707.54,0,167,-1,-1,3.546,2018-02-05 08:24:04
2018-02-05 08:46:06,-1,81,2711.09,0,166,-1,-1,3.546,2018-02-05 08:24:05
2018-02-05 08:46:06,-1,81,2714.64,0,166,-1,-1,3.546,2018-02-05 08:24:06
2018-02-05 08:46:06,-1,81,2718.15,0,167,-1,-1,3.518,2018-02-05 08:24:07
2018-02-05 08:46:06,-1,80,2721.64,0,166,-1,-1,3.49,2018-02-05 08:24:08
2018-02-05 08:46:06,-1,80,2725.13,0,166,-1,-1,3.49,2018-02-05 08:24:09
2018-02-05 08:46:06,-1,79,2728.68,0.5,166,-1,-1,3.546,2018-02-05 08:24:10
2018-02-05 08:46:06,-1,79,2732.22,0.5,166,-1,-1,3.546,2018-02-05 08:24:11
2018-02-05 08:46:06,-1,79,2735.65,0.5,165,-1,-1,3.424,2018-02-05 08:24:12
2018-02-05 08:46:06,-1,79,2739.07,0.5,165,-1,-1,3.424,2018-02-05 08:24:13
2018-02-05 08:46:06,-1,79,2742.44,0.5,165,-1,-1,3.368,2018-02-05 08:24:14
2018-02-05 08:46:06,-1,80,2745.81,0,164,-1,-1,3.368,2018-02-05 08:24:15
2018-02-05 08:46:06,-1,80,2749.12,0,165,-1,-1,3.312,2018-02-05 08:24:16
2018-02-05 08:46:06,-1,80,2752.44,0,164,-1,-1,3.312,2018-02-05 08:24:17
2018-02-05 08:46:06,-1,80,2755.77,0,164,-1,-1,3.331,2018-02-05 08:24:18
2018-02-05 08:46:06,-1,80,2759.12,0,165,-1,-1,3.359,2018-02-05 08:24:19
2018-02-05 08:46:06,-1,79,2762.53,0.5,165,-1,-1,3.406,2018-02-05 08:24:20
2018-02-05 08:46:06,-1,79,2765.94,0,164,-1,-1,3.406,2018-02-05 08:24:21
2018-02-05 08:46:06,-1,78,2769.37,0.5,165,-1,-1,3.434,2018-02-05 08:24:22
2018-02-05 08:46:06,-1,78,2772.8,0.5,165,-1,-1,3.434,2018-02-05 08:24:23
2018-02-05 08:46:06,-1,78,2776.21,0.5,165,-1,-1,3.406,2018-02-05 08:24:24
2018-02-05 08:46:06,-1,78,2779.61,0.5,164,-1,-1,3.406,2018-02-05 08:24:25
2018-02-05 08:46:06,-1,78,2782.95,0.5,164,-1,-1,3.331,2018-02-05 08:24:26
2018-02-05 08:46:06,-1,78,2786.28,0.5,164,-1,-1,3.331,2018-02-05 08:24:27
2018-02-05 08:46:06,-1,79,2789.53,0.5,164,-1,-1,3.256,2018-02-05 08:24:28
2018-02-05 08:46:06,-1,79,2792.79,0.5,164,-1,-1,3.256,2018-02-05 08:24:29
2018-02-05 08:46:06,-1,79,2796.07,0.5,164,-1,-1,3.284,2018-02-05 08:24:30
2018-02-05 08:46:06,-1,80,2799.25,0,164,-1,-1,3.172,2018-02-05 08:24:31
2018-02-05 08:46:06,-1,80,2802.42,0,164,-1,-1,3.172,2018-02-05 08:24:32
2018-02-05 08:46:06,-1,80,2805.72,0,163,-1,-1,3.303,2018-02-05 08:24:33
2018-02-05 08:46:06,-1,80,2809.02,0,164,-1,-1,3.303,2018-02-05 08:24:34
2018-02-05 08:46:06,-1,83,2812.45,0,164,-1,-1,3.424,2018-02-05 08:24:35
2018-02-05 08:46:06,-1,83,2815.87,0,164,-1,-1,3.424,2018-02-05 08:24:36
2018-02-05 08:46:06,-1,83,2819.4,0,164,-1,-1,3.527,2018-02-05 08:24:37
2018-02-05 08:46:06,-1,83,2823.06,0,164,-1,-1,3.658,2018-02-05 08:24:38
2018-02-05 08:46:06,-1,82,2826.81,0,165,-1,-1,3.751,2018-02-05 08:24:39
2018-02-05 08:46:06,-1,82,2830.56,0,165,-1,-1,3.751,2018-02-05 08:24:40
2018-02-05 08:46:06,-1,81,2834.28,0,166,-1,-1,3.723,2018-02-05 08:24:41
2018-02-05 08:46:06,-1,81,2838.01,0,166,-1,-1,3.723,2018-02-05 08:24:42
2018-02-05 08:46:06,-1,81,2841.78,0,165,-1,-1,3.779,2018-02-05 08:24:43
2018-02-05 08:46:06,-1,81,2845.56,0,165,-1,-1,3.779,2018-02-05 08:24:44
2018-02-05 08:46:06,-1,81,2849.33,0,165,-1,-1,3.77,2018-02-05 08:24:45
2018-02-05 08:46:06,-1,81,2853.1,0,165,-1,-1,3.77,2018-02-05 08:24:46
2018-02-05 08:46:06,-1,80,2856.85,0,166,-1,-1,3.751,2018-02-05 08:24:47
2018-02-05 08:46:06,-1,80,2860.6,0,166,-1,-1,3.751,2018-02-05 08:24:48
2018-02-05 08:46:06,-1,80,2864.37,0,166,-1,-1,3.77,2018-02-05 08:24:49
2018-02-05 08:46:06,-1,80,2868.1,0,166,-1,-1,3.723,2018-02-05 08:24:50
2018-02-05 08:46:06,-1,80,2871.82,0,166,-1,-1,3.723,2018-02-05 08:24:51
2018-02-05 08:46:06,-1,80,2875.46,0,166,-1,-1,3.639,2018-02-05 08:24:52
2018-02-05 08:46:06,-1,80,2879.1,0,166,-1,-1,3.639,2018-02-05 08:24:53
2018-02-05 08:46:06,-1,80,2882.58,0,166,-1,-1,3.48,2018-02-05 08:24:54
2018-02-05 08:46:06,-1,80,2886.06,0,166,-1,-1,3.48,2018-02-05 08:24:55
2018-02-05 08:46:06,-1,80,2889.57,0,165,-1,-1,3.508,2018-02-05 08:24:56
2018-02-05 08:46:06,-1,81,2893.08,0,165,-1,-1,3.508,2018-02-05 08:24:57
2018-02-05 08:46:06,-1,81,2896.47,0,165,-1,-1,3.396,2018-02-05 08:24:58
2018-02-05 08:46:06,-1,80,2899.87,0,165,-1,-1,3.396,2018-02-05 08:24:59
2018-02-05 08:46:06,-1,79,2903.29,0.5,165,-1,-1,3.424,2018-02-05 08:25:00
2018-02-05 08:46:06,-1,79,2906.71,0.5,165,-1,-1,3.415,2018-02-05 08:25:01
2018-02-05 08:46:06,-1,79,2910.12,0.5,165,-1,-1,3.415,2018-02-05 08:25:02
2018-02-05 08:46:06,-1,81,2913.58,0,165,-1,-1,3.452,2018-02-05 08:25:03
2018-02-05 08:46:06,-1,81,2917.15,0,165,-1,-1,3.574,2018-02-05 08:25:04
2018-02-05 08:46:06,-1,81,2920.87,0,165,-1,-1,3.723,2018-02-05 08:25:05
2018-02-05 08:46:06,-1,81,2924.59,0,165,-1,-1,3.723,2018-02-05 08:25:06
2018-02-05 08:46:06,-1,81,2928.36,0,164,-1,-1,3.77,2018-02-05 08:25:07
2018-02-05 08:46:06,-1,81,2932.14,0,163,-1,-1,3.77,2018-02-05 08:25:08
2018-02-05 08:46:06,-1,79,2935.98,0.5,163,-1,-1,3.844,2018-02-05 08:25:09
2018-02-05 08:46:06,-1,79,2939.82,0.5,162,-1,-1,3.844,2018-02-05 08:25:10
2018-02-05 08:46:06,-1,79,2943.55,0.5,162,-1,-1,3.732,2018-02-05 08:25:11
2018-02-05 08:46:06,-1,79,2947.29,0.5,163,-1,-1,3.732,2018-02-05 08:25:12
2018-02-05 08:46:06,-1,79,2951.07,0.5,163,-1,-1,3.779,2018-02-05 08:25:13
2018-02-05 08:46:06,-1,79,2954.84,0.5,163,-1,-1,3.779,2018-02-05 08:25:14
2018-02-05 08:46:06,-1,79,2958.62,0.5,164,-1,-1,3.779,2018-02-05 08:25:15
2018-02-05 08:46:06,-1,79,2962.4,0.5,164,-1,-1,3.779,2018-02-05 08:25:16
2018-02-05 08:46:06,-1,79,2966.15,0.5,164,-1,-1,3.742,2018-02-05 08:25:17
2018-02-05 08:46:06,-1,79,2969.89,0.5,164,-1,-1,3.742,2018-02-05 08:25:18
2018-02-05 08:46:06,-1,79,2973.62,0.5,164,-1,-1,3.732,2018-02-05 08:25:19
2018-02-05 08:46:06,-1,79,2977.35,0.5,164,-1,-1,3.732,2018-02-05 08:25:20
2018-02-05 08:46:06,-1,80,2981.08,0,163,-1,-1,3.732,2018-02-05 08:25:21
2018-02-05 08:46:06,-1,80,2984.82,0,163,-1,-1,3.732,2018-02-05 08:25:22
2018-02-05 08:46:06,-1,80,2988.49,0,163,-1,-1,3.676,2018-02-05 08:25:23
2018-02-05 08:46:06,-1,80,2992.17,0,163,-1,-1,3.676,2018-02-05 08:25:24
2018-02-05 08:46:06,-1,80,2995.88,0,162,-1,-1,3.714,2018-02-05 08:25:25
2018-02-05 08:46:06,-1,81,2999.59,0,162,-1,-1,3.714,2018-02-05 08:25:26
2018-02-05 08:46:06,-1,80,3003.33,0,162,-1,-1,3.732,2018-02-05 08:25:27
2018-02-05 08:46:06,-1,80,3007.04,0,162,-1,-1,3.714,2018-02-05 08:25:28
2018-02-05 08:46:06,-1,80,3010.75,0,161,-1,-1,3.714,2018-02-05 08:25:29
2018-02-05 08:46:06,-1,80,3014.47,0,161,-1,-1,3.714,2018-02-05 08:25:30
2018-02-05 08:46:06,-1,80,3018.18,0,161,-1,-1,3.714,2018-02-05 08:25:31
2018-02-05 08:46:06,-1,80,3021.89,0,161,-1,-1,3.714,2018-02-05 08:25:32
2018-02-05 08:46:06,-1,80,3025.61,0,161,-1,-1,3.714,2018-02-05 08:25:33
2018-02-05 08:46:06,-1,80,3029.35,0,161,-1,-1,3.742,2018-02-05 08:25:34
2018-02-05 08:46:06,-1,79,3033.09,0.5,161,-1,-1,3.742,2018-02-05 08:25:35
2018-02-05 08:46:06,-1,79,3036.82,0.5,161,-1,-1,3.732,2018-02-05 08:25:36
2018-02-05 08:46:06,-1,79,3040.49,0.5,162,-1,-1,3.667,2018-02-05 08:25:37
2018-02-05 08:46:06,-1,79,3044.16,0.5,162,-1,-1,3.667,2018-02-05 08:25:38
2018-02-05 08:46:06,-1,80,3047.78,0,162,-1,-1,3.62,2018-02-05 08:25:39
2018-02-05 08:46:06,-1,80,3051.41,0,162,-1,-1,3.62,2018-02-05 08:25:40
2018-02-05 08:46:06,-1,80,3054.99,0,163,-1,-1,3.592,2018-02-05 08:25:41
2018-02-05 08:46:06,-1,80,3058.58,0,163,-1,-1,3.592,2018-02-05 08:25:42
2018-02-05 08:46:06,-1,80,3062.08,0,163,-1,-1,3.499,2018-02-05 08:25:43
2018-02-05 08:46:06,-1,80,3065.51,0,164,-1,-1,3.424,2018-02-05 08:25:44
2018-02-05 08:46:06,-1,80,3068.94,0,164,-1,-1,3.434,2018-02-05 08:25:45
2018-02-05 08:46:06,-1,81,3072.33,0,164,-1,-1,3.387,2018-02-05 08:25:46
2018-02-05 08:46:06,-1,81,3075.71,0,164,-1,-1,3.387,2018-02-05 08:25:47
2018-02-05 08:46:06,-1,79,3079.11,0.5,164,-1,-1,3.396,2018-02-05 08:25:48
2018-02-05 08:46:06,-1,79,3082.51,0.5,164,-1,-1,3.396,2018-02-05 08:25:49
2018-02-05 08:46:06,-1,79,3085.89,0.5,164,-1,-1,3.387,2018-02-05 08:25:50
2018-02-05 08:46:06,-1,79,3089.28,0.5,164,-1,-1,3.387,2018-02-05 08:25:51
2018-02-05 08:46:06,-1,79,3092.7,0.5,164,-1,-1,3.415,2018-02-05 08:25:52
2018-02-05 08:46:06,-1,79,3096.11,0.5,164,-1,-1,3.415,2018-02-05 08:25:53
2018-02-05 08:46:06,-1,80,3099.53,0,164,-1,-1,3.415,2018-02-05 08:25:54
2018-02-05 08:46:06,-1,80,3102.98,0,164,-1,-1,3.452,2018-02-05 08:25:55
2018-02-05 08:46:06,-1,80,3106.49,0,165,-1,-1,3.508,2018-02-05 08:25:56
2018-02-05 08:46:06,-1,80,3110.04,0,164,-1,-1,3.555,2018-02-05 08:25:57
2018-02-05 08:46:06,-1,80,3113.6,0,164,-1,-1,3.555,2018-02-05 08:25:58
2018-02-05 08:46:06,-1,80,3117.17,0,164,-1,-1,3.574,2018-02-05 08:25:59
2018-02-05 08:46:06,-1,80,3120.83,0,163,-1,-1,3.658,2018-02-05 08:26:00
2018-02-05 08:46:06,-1,80,3124.49,0,162,-1,-1,3.658,2018-02-05 08:26:01
2018-02-05 08:46:06,-1,80,3127.98,0,162,-1,-1,3.49,2018-02-05 08:26:02
2018-02-05 08:46:06,-1,80,3131.78,0,162,-1,-1,3.415,2018-02-05 08:26:03
2018-02-05 08:46:06,-1,80,3134.81,0,162,-1,-1,3.415,2018-02-05 08:26:04
2018-02-05 08:46:06,-1,80,3138.26,0,161,-1,-1,3.452,2018-02-05 08:26:05
2018-02-05 08:46:06,-1,82,3141.82,0,160,-1,-1,3.564,2018-02-05 08:26:06
2018-02-05 08:46:06,-1,82,3145.39,0,160,-1,-1,3.564,2018-02-05 08:26:07
2018-02-05 08:46:06,-1,81,3149,0,159,-1,-1,3.611,2018-02-05 08:26:08
2018-02-05 08:46:06,-1,80,3152.66,0,159,-1,-1,3.658,2018-02-05 08:26:09
2018-02-05 08:46:06,-1,80,3156.31,0,159,-1,-1,3.658,2018-02-05 08:26:10
2018-02-05 08:46:06,-1,79,3160.03,0.5,160,-1,-1,3.714,2018-02-05 08:26:11
2018-02-05 08:46:06,-1,79,3163.74,0.5,160,-1,-1,3.714,2018-02-05 08:26:12
2018-02-05 08:46:06,-1,79,3167.44,0.5,160,-1,-1,3.695,2018-02-05 08:26:13
2018-02-05 08:46:06,-1,81,3171.13,0,161,-1,-1,3.695,2018-02-05 08:26:14
2018-02-05 08:46:06,-1,81,3174.83,0,161,-1,-1,3.704,2018-02-05 08:26:15
2018-02-05 08:46:06,-1,81,3178.61,0,161,-1,-1,3.779,2018-02-05 08:26:16
2018-02-05 08:46:06,-1,80,3182.39,0,160,-1,-1,3.779,2018-02-05 08:26:17
2018-02-05 08:46:06,-1,80,3186.26,0,161,-1,-1,3.863,2018-02-05 08:26:18
2018-02-05 08:46:06,-1,80,3190.12,0,160,-1,-1,3.863,2018-02-05 08:26:19
2018-02-05 08:46:06,-1,79,3193.93,0.5,160,-1,-1,3.816,2018-02-05 08:26:20
2018-02-05 08:46:06,-1,79,3197.75,0.5,161,-1,-1,3.816,2018-02-05 08:26:21
2018-02-05 08:46:06,-1,79,3201.44,0.5,160,-1,-1,3.686,2018-02-05 08:26:22
2018-02-05 08:46:06,-1,79,3205.12,0.5,160,-1,-1,3.686,2018-02-05 08:26:23
2018-02-05 08:46:06,-1,79,3208.73,0.5,161,-1,-1,3.611,2018-02-05 08:26:24
2018-02-05 08:46:06,-1,79,3212.34,0.5,161,-1,-1,3.611,2018-02-05 08:26:25
2018-02-05 08:46:06,-1,80,3215.95,0,161,-1,-1,3.602,2018-02-05 08:26:26
2018-02-05 08:46:06,-1,80,3219.55,0,162,-1,-1,3.602,2018-02-05 08:26:27
2018-02-05 08:46:06,-1,80,3223.15,0,162,-1,-1,3.602,2018-02-05 08:26:28
2018-02-05 08:46:06,-1,79,3226.82,0.5,163,-1,-1,3.667,2018-02-05 08:26:29
2018-02-05 08:46:06,-1,79,3230.48,0.5,163,-1,-1,3.667,2018-02-05 08:26:30
2018-02-05 08:46:06,-1,79,3234.11,0.5,164,-1,-1,3.63,2018-02-05 08:26:31
2018-02-05 08:46:06,-1,79,3237.74,0.5,164,-1,-1,3.63,2018-02-05 08:26:32
2018-02-05 08:46:06,-1,79,3241.33,0.5,164,-1,-1,3.583,2018-02-05 08:26:33
2018-02-05 08:46:06,-1,79,3244.91,0.5,164,-1,-1,3.583,2018-02-05 08:26:34
2018-02-05 08:46:06,-1,78,3248.48,0.5,163,-1,-1,3.574,2018-02-05 08:26:35
2018-02-05 08:46:06,-1,78,3252.06,0.5,163,-1,-1,3.574,2018-02-05 08:26:36
2018-02-05 08:46:06,-1,79,3255.61,0.5,164,-1,-1,3.555,2018-02-05 08:26:37
2018-02-05 08:46:06,-1,80,3259.16,0,163,-1,-1,3.546,2018-02-05 08:26:38
2018-02-05 08:46:06,-1,80,3262.71,0,164,-1,-1,3.546,2018-02-05 08:26:39
2018-02-05 08:46:06,-1,80,3266.23,0,163,-1,-1,3.527,2018-02-05 08:26:40
2018-02-05 08:46:06,-1,80,3269.76,0,163,-1,-1,3.527,2018-02-05 08:26:41
2018-02-05 08:46:06,-1,80,3273.2,0,163,-1,-1,3.443,2018-02-05 08:26:42
2018-02-05 08:46:06,-1,80,3276.65,0,163,-1,-1,3.443,2018-02-05 08:26:43
2018-02-05 08:46:06,-1,80,3280.07,0,162,-1,-1,3.424,2018-02-05 08:26:44
2018-02-05 08:46:06,-1,80,3283.49,0,163,-1,-1,3.424,2018-02-05 08:26:45
2018-02-05 08:46:06,-1,81,3286.76,0,163,-1,-1,3.266,2018-02-05 08:26:46
2018-02-05 08:46:06,-1,81,3290.02,0,163,-1,-1,3.266,2018-02-05 08:26:47
2018-02-05 08:46:06,-1,81,3293.52,0,164,-1,-1,3.49,2018-02-05 08:26:48
2018-02-05 08:46:06,-1,81,3297,0,164,-1,-1,3.49,2018-02-05 08:26:49
2018-02-05 08:46:06,-1,81,3300.62,0,164,-1,-1,3.62,2018-02-05 08:26:50
2018-02-05 08:46:06,-1,80,3304.24,0,164,-1,-1,3.62,2018-02-05 08:26:51
2018-02-05 08:46:06,-1,80,3307.95,0,164,-1,-1,3.704,2018-02-05 08:26:52
2018-02-05 08:46:06,-1,80,3311.65,0,164,-1,-1,3.704,2018-02-05 08:26:53
2018-02-05 08:46:06,-1,80,3315.34,0,164,-1,-1,3.686,2018-02-05 08:26:54
2018-02-05 08:46:06,-1,80,3319.01,0,163,-1,-1,3.667,2018-02-05 08:26:55
2018-02-05 08:46:06,-1,80,3322.67,0,163,-1,-1,3.667,2018-02-05 08:26:56
2018-02-05 08:46:06,-1,80,3326.37,0,163,-1,-1,3.704,2018-02-05 08:26:57
2018-02-05 08:46:06,-1,80,3330.04,0,162,-1,-1,3.667,2018-02-05 08:26:58
2018-02-05 08:46:06,-1,80,3333.71,0,162,-1,-1,3.667,2018-02-05 08:26:59
2018-02-05 08:46:06,-1,79,3337.33,0.5,162,-1,-1,3.62,2018-02-05 08:27:00
2018-02-05 08:46:06,-1,79,3340.95,0.5,162,-1,-1,3.62,2018-02-05 08:27:01
2018-02-05 08:46:06,-1,79,3344.52,0.5,162,-1,-1,3.564,2018-02-05 08:27:02
2018-02-05 08:46:06,-1,79,3348.08,0.5,162,-1,-1,3.564,2018-02-05 08:27:03
2018-02-05 08:46:06,-1,79,3351.6,0.5,163,-1,-1,3.518,2018-02-05 08:27:04
2018-02-05 08:46:06,-1,79,3355.11,0.5,163,-1,-1,3.518,2018-02-05 08:27:05
2018-02-05 08:46:06,-1,80,3358.55,0,163,-1,-1,3.434,2018-02-05 08:27:06
2018-02-05 08:46:06,-1,80,3361.98,0,163,-1,-1,3.434,2018-02-05 08:27:07
2018-02-05 08:46:06,-1,80,3365.42,0,163,-1,-1,3.443,2018-02-05 08:27:08
2018-02-05 08:46:06,-1,80,3368.92,0,162,-1,-1,3.499,2018-02-05 08:27:09
2018-02-05 08:46:06,-1,80,3372.42,0,162,-1,-1,3.499,2018-02-05 08:27:10
2018-02-05 08:46:06,-1,79,3375.94,0.5,162,-1,-1,3.518,2018-02-05 08:27:11
2018-02-05 08:46:06,-1,78,3379.49,0.5,161,-1,-1,3.555,2018-02-05 08:27:12
2018-02-05 08:46:06,-1,78,3383.05,0.5,161,-1,-1,3.555,2018-02-05 08:27:13
2018-02-05 08:46:06,-1,79,3386.65,0.5,161,-1,-1,3.602,2018-02-05 08:27:14
2018-02-05 08:46:06,-1,80,3390.42,0,161,-1,-1,3.77,2018-02-05 08:27:15
2018-02-05 08:46:06,-1,80,3394.19,0,161,-1,-1,3.77,2018-02-05 08:27:16
2018-02-05 08:46:06,-1,80,3397.97,0,160,-1,-1,3.779,2018-02-05 08:27:17
2018-02-05 08:46:06,-1,81,3401.7,0,161,-1,-1,3.732,2018-02-05 08:27:18
2018-02-05 08:46:06,-1,81,3405.43,0,160,-1,-1,3.732,2018-02-05 08:27:19
2018-02-05 08:46:06,-1,80,3409.15,0,160,-1,-1,3.714,2018-02-05 08:27:20
2018-02-05 08:46:06,-1,79,3412.86,0.5,160,-1,-1,3.714,2018-02-05 08:27:21
2018-02-05 08:46:06,-1,79,3416.54,0.5,160,-1,-1,3.676,2018-02-05 08:27:22
2018-02-05 08:46:06,-1,79,3420.12,0.5,160,-1,-1,3.583,2018-02-05 08:27:23
2018-02-05 08:46:06,-1,79,3423.7,0.5,160,-1,-1,3.583,2018-02-05 08:27:24
2018-02-05 08:46:06,-1,79,3427.12,0.5,160,-1,-1,3.415,2018-02-05 08:27:25
2018-02-05 08:46:06,-1,80,3430.53,0,160,-1,-1,3.415,2018-02-05 08:27:26
2018-02-05 08:46:06,-1,80,3433.91,0,161,-1,-1,3.378,2018-02-05 08:27:27
2018-02-05 08:46:06,-1,80,3437.35,0,160,-1,-1,3.443,2018-02-05 08:27:28
2018-02-05 08:46:06,-1,80,3440.8,0,160,-1,-1,3.443,2018-02-05 08:27:29
2018-02-05 08:46:06,-1,81,3444.23,0,160,-1,-1,3.434,2018-02-05 08:27:30
2018-02-05 08:46:06,-1,81,3447.66,0,160,-1,-1,3.434,2018-02-05 08:27:31
2018-02-05 08:46:06,-1,80,3451.1,0,161,-1,-1,3.434,2018-02-05 08:27:32
2018-02-05 08:46:06,-1,80,3454.53,0,162,-1,-1,3.434,2018-02-05 08:27:33
2018-02-05 08:46:06,-1,79,3457.94,0.5,163,-1,-1,3.406,2018-02-05 08:27:34
2018-02-05 08:46:06,-1,79,3461.34,0.5,164,-1,-1,3.406,2018-02-05 08:27:35
2018-02-05 08:46:06,-1,79,3464.74,0.5,165,-1,-1,3.396,2018-02-05 08:27:36
2018-02-05 08:46:06,-1,79,3468.14,0.5,165,-1,-1,3.396,2018-02-05 08:27:37
2018-02-05 08:46:06,-1,81,3471.55,0,165,-1,-1,3.415,2018-02-05 08:27:38
2018-02-05 08:46:06,-1,81,3474.99,0,166,-1,-1,3.443,2018-02-05 08:27:39
2018-02-05 08:46:06,-1,81,3478.47,0,167,-1,-1,3.48,2018-02-05 08:27:40
2018-02-05 08:46:06,-1,81,3482.04,0,168,-1,-1,3.564,2018-02-05 08:27:41
2018-02-05 08:46:06,-1,81,3485.74,0,168,-1,-1,3.704,2018-02-05 08:27:42
2018-02-05 08:46:06,-1,81,3489.73,0,169,-1,-1,3.984,2018-02-05 08:27:43
2018-02-05 08:46:06,-1,84,3494.26,0.5,169,-1,-1,4.535,2018-02-05 08:27:44
2018-02-05 08:46:06,-1,84,3498.8,0.5,169,-1,-1,4.535,2018-02-05 08:27:45
2018-02-05 08:46:06,-1,84,3503.39,0,169,-1,-1,4.591,2018-02-05 08:27:46
2018-02-05 08:46:06,-1,83,3507.72,0.5,170,-1,-1,4.329,2018-02-05 08:27:47
2018-02-05 08:46:06,-1,83,3512.05,0.5,169,-1,-1,4.329,2018-02-05 08:27:48
2018-02-05 08:46:06,-1,83,3516.28,0.5,169,-1,-1,4.236,2018-02-05 08:27:49
2018-02-05 08:46:06,-1,84,3520.53,0.5,170,-1,-1,4.245,2018-02-05 08:27:50
2018-02-05 08:46:06,-1,84,3524.77,0.5,170,-1,-1,4.245,2018-02-05 08:27:51
2018-02-05 08:46:06,-1,84,3529,0.5,170,-1,-1,4.227,2018-02-05 08:27:52
2018-02-05 08:46:06,-1,84,3533.22,0.5,170,-1,-1,4.217,2018-02-05 08:27:53
2018-02-05 08:46:06,-1,84,3537.43,0.5,170,-1,-1,4.217,2018-02-05 08:27:54
2018-02-05 08:46:06,-1,84,3541.65,0.5,170,-1,-1,4.217,2018-02-05 08:27:55
2018-02-05 08:46:06,-1,84,3545.95,0.5,170,-1,-1,4.301,2018-02-05 08:27:56
2018-02-05 08:46:06,-1,84,3550.25,0.5,170,-1,-1,4.301,2018-02-05 08:27:57
2018-02-05 08:46:06,-1,84,3554.56,0.5,170,-1,-1,4.301,2018-02-05 08:27:58
2018-02-05 08:46:06,-1,84,3559.15,0,170,-1,-1,4.591,2018-02-05 08:27:59
2018-02-05 08:46:06,-1,84,3563.74,0,170,-1,-1,4.591,2018-02-05 08:28:00
2018-02-05 08:46:06,-1,84,3568.68,0,170,-1,-1,4.945,2018-02-05 08:28:01
2018-02-05 08:46:06,-1,83,3573.96,0,171,-1,-1,5.281,2018-02-05 08:28:02
2018-02-05 08:46:06,-1,83,3579.31,0,171,-1,-1,5.337,2018-02-05 08:28:03
2018-02-05 08:46:06,-1,83,3584.64,0,171,-1,-1,5.337,2018-02-05 08:28:04
2018-02-05 08:46:06,-1,83,3590.05,0,171,-1,-1,5.402,2018-02-05 08:28:05
2018-02-05 08:46:06,-1,83,3595.44,0,170,-1,-1,5.402,2018-02-05 08:28:06
2018-02-05 08:46:06,-1,83,3600.72,0,170,-1,-1,5.281,2018-02-05 08:28:07
2018-02-05 08:46:06,-1,83,3605.24,0,170,-1,-1,4.516,2018-02-05 08:28:08
2018-02-05 08:46:06,-1,83,3609.76,0,170,-1,-1,4.516,2018-02-05 08:28:09
2018-02-05 08:46:06,-1,83,3613.96,0,170,-1,-1,4.199,2018-02-05 08:28:10
2018-02-05 08:46:06,-1,83,3617.91,0.5,169,-1,-1,3.947,2018-02-05 08:28:11
2018-02-05 08:46:06,-1,83,3621.85,0.5,170,-1,-1,3.947,2018-02-05 08:28:12
2018-02-05 08:46:06,-1,83,3625.82,0.5,170,-1,-1,3.975,2018-02-05 08:28:13
2018-02-05 08:46:06,-1,85,3630.13,0.5,170,-1,-1,4.301,2018-02-05 08:28:14
2018-02-05 08:46:06,-1,85,3634.43,0.5,170,-1,-1,4.301,2018-02-05 08:28:15
2018-02-05 08:46:06,-1,85,3638.86,0.5,170,-1,-1,4.432,2018-02-05 08:28:16
2018-02-05 08:46:06,-1,85,3643.32,0.5,170,-1,-1,4.46,2018-02-05 08:28:17
2018-02-05 08:46:06,-1,85,3647.78,0.5,171,-1,-1,4.46,2018-02-05 08:28:18
2018-02-05 08:46:06,-1,85,3652.24,0.5,170,-1,-1,4.46,2018-02-05 08:28:19
2018-02-05 08:46:06,-1,85,3656.66,0.5,170,-1,-1,4.423,2018-02-05 08:28:20
2018-02-05 08:46:06,-1,84,3660.98,0.5,171,-1,-1,4.32,2018-02-05 08:28:21
2018-02-05 08:46:06,-1,84,3664.95,0,171,-1,-1,3.966,2018-02-05 08:28:22
2018-02-05 08:46:06,-1,82,3668.57,0,171,-1,-1,3.62,2018-02-05 08:28:23
2018-02-05 08:46:06,-1,82,3672.05,0,171,-1,-1,3.48,2018-02-05 08:28:24
2018-02-05 08:46:06,-1,81,3675.53,0,172,-1,-1,3.48,2018-02-05 08:28:25
2018-02-05 08:46:06,-1,78,3679.05,0.5,171,-1,-1,3.518,2018-02-05 08:28:26
2018-02-05 08:46:06,-1,78,3682.56,0.5,171,-1,-1,3.518,2018-02-05 08:28:27
2018-02-05 08:46:06,-1,79,3686.14,0.5,171,-1,-1,3.574,2018-02-05 08:28:28
2018-02-05 08:46:06,-1,79,3689.71,0.5,171,-1,-1,3.574,2018-02-05 08:28:29
2018-02-05 08:46:06,-1,79,3693.34,0.5,171,-1,-1,3.63,2018-02-05 08:28:30
2018-02-05 08:46:06,-1,79,3696.97,0.5,171,-1,-1,3.63,2018-02-05 08:28:31
2018-02-05 08:46:06,-1,79,3700.6,0.5,170,-1,-1,3.63,2018-02-05 08:28:32
2018-02-05 08:46:06,-1,79,3704.16,0.5,171,-1,-1,3.564,2018-02-05 08:28:33
2018-02-05 08:46:06,-1,79,3707.63,0.5,171,-1,-1,3.462,2018-02-05 08:28:34
2018-02-05 08:46:06,-1,79,3711.09,0.5,171,-1,-1,3.462,2018-02-05 08:28:35
2018-02-05 08:46:06,-1,80,3714.52,0,171,-1,-1,3.434,2018-02-05 08:28:36
2018-02-05 08:46:06,-1,80,3717.95,0,170,-1,-1,3.434,2018-02-05 08:28:37
2018-02-05 08:46:06,-1,80,3721.43,0,171,-1,-1,3.471,2018-02-05 08:28:38
2018-02-05 08:46:06,-1,80,3724.9,0,171,-1,-1,3.471,2018-02-05 08:28:39
2018-02-05 08:46:06,-1,80,3728.38,0,171,-1,-1,3.48,2018-02-05 08:28:40
2018-02-05 08:46:06,-1,80,3731.89,0,171,-1,-1,3.508,2018-02-05 08:28:41
2018-02-05 08:46:06,-1,79,3735.39,0.5,171,-1,-1,3.508,2018-02-05 08:28:42
2018-02-05 08:46:06,-1,79,3738.91,0.5,171,-1,-1,3.518,2018-02-05 08:28:43
2018-02-05 08:46:06,-1,79,3742.46,0.5,172,-1,-1,3.546,2018-02-05 08:28:44
2018-02-05 08:46:06,-1,79,3746,0.5,172,-1,-1,3.546,2018-02-05 08:28:45
2018-02-05 08:46:06,-1,79,3749.54,0.5,171,-1,-1,3.536,2018-02-05 08:28:46
2018-02-05 08:46:06,-1,79,3753.07,0.5,172,-1,-1,3.527,2018-02-05 08:28:47
2018-02-05 08:46:06,-1,79,3756.59,0.5,172,-1,-1,3.527,2018-02-05 08:28:48
2018-02-05 08:46:06,-1,79,3760.13,0.5,172,-1,-1,3.536,2018-02-05 08:28:49
2018-02-05 08:46:06,-1,79,3763.69,0.5,171,-1,-1,3.555,2018-02-05 08:28:50
2018-02-05 08:46:06,-1,79,3767.24,0.5,172,-1,-1,3.555,2018-02-05 08:28:51
2018-02-05 08:46:06,-1,79,3770.81,0.5,171,-1,-1,3.564,2018-02-05 08:28:52
2018-02-05 08:46:06,-1,79,3774.35,0.5,171,-1,-1,3.546,2018-02-05 08:28:53
2018-02-05 08:46:06,-1,79,3777.9,0.5,171,-1,-1,3.546,2018-02-05 08:28:54
2018-02-05 08:46:06,-1,79,3781.44,0.5,171,-1,-1,3.546,2018-02-05 08:28:55
2018-02-05 08:46:06,-1,80,3784.99,0,171,-1,-1,3.546,2018-02-05 08:28:56
2018-02-05 08:46:06,-1,80,3788.53,0,170,-1,-1,3.546,2018-02-05 08:28:57
2018-02-05 08:46:06,-1,80,3792.07,0,170,-1,-1,3.536,2018-02-05 08:28:58
2018-02-05 08:46:06,-1,79,3795.58,0.5,170,-1,-1,3.508,2018-02-05 08:28:59
2018-02-05 08:46:06,-1,79,3799.09,0.5,169,-1,-1,3.508,2018-02-05 08:29:00
2018-02-05 08:46:06,-1,80,3802.58,0,169,-1,-1,3.499,2018-02-05 08:29:01
2018-02-05 08:46:06,-1,80,3806.07,0,169,-1,-1,3.49,2018-02-05 08:29:02
2018-02-05 08:46:06,-1,81,3809.56,0,169,-1,-1,3.49,2018-02-05 08:29:03
2018-02-05 08:46:06,-1,81,3813.09,0,168,-1,-1,3.527,2018-02-05 08:29:04
2018-02-05 08:46:06,-1,81,3816.62,0,167,-1,-1,3.527,2018-02-05 08:29:05
2018-02-05 08:46:06,-1,81,3820.15,0,167,-1,-1,3.536,2018-02-05 08:29:06
2018-02-05 08:46:06,-1,79,3823.68,0.5,167,-1,-1,3.527,2018-02-05 08:29:07
2018-02-05 08:46:06,-1,79,3827.23,0.5,167,-1,-1,3.546,2018-02-05 08:29:08
2018-02-05 08:46:06,-1,79,3830.77,0.5,167,-1,-1,3.546,2018-02-05 08:29:09
2018-02-05 08:46:06,-1,80,3834.32,0,168,-1,-1,3.546,2018-02-05 08:29:10
2018-02-05 08:46:06,-1,81,3837.85,0,167,-1,-1,3.527,2018-02-05 08:29:11
2018-02-05 08:46:06,-1,80,3841.37,0,168,-1,-1,3.527,2018-02-05 08:29:12
2018-02-05 08:46:06,-1,80,3844.9,0,168,-1,-1,3.527,2018-02-05 08:29:13
2018-02-05 08:46:06,-1,80,3848.37,0,167,-1,-1,3.471,2018-02-05 08:29:14
2018-02-05 08:46:06,-1,79,3851.84,0.5,168,-1,-1,3.471,2018-02-05 08:29:15
2018-02-05 08:46:06,-1,79,3855.3,0.5,168,-1,-1,3.462,2018-02-05 08:29:16
2018-02-05 08:46:06,-1,80,3858.75,0,167,-1,-1,3.443,2018-02-05 08:29:17
2018-02-05 08:46:06,-1,80,3862.19,0,167,-1,-1,3.443,2018-02-05 08:29:18
2018-02-05 08:46:06,-1,80,3865.58,0,167,-1,-1,3.387,2018-02-05 08:29:19
2018-02-05 08:46:06,-1,80,3868.96,0,168,-1,-1,3.387,2018-02-05 08:29:20
2018-02-05 08:46:06,-1,80,3872.36,0,167,-1,-1,3.396,2018-02-05 08:29:21
2018-02-05 08:46:06,-1,79,3875.76,0.5,167,-1,-1,3.396,2018-02-05 08:29:22
2018-02-05 08:46:06,-1,79,3879.15,0.5,167,-1,-1,3.396,2018-02-05 08:29:23
2018-02-05 08:46:06,-1,79,3882.54,0.5,167,-1,-1,3.387,2018-02-05 08:29:24
2018-02-05 08:46:06,-1,79,3885.97,0.5,167,-1,-1,3.424,2018-02-05 08:29:25
2018-02-05 08:46:06,-1,79,3889.41,0.5,167,-1,-1,3.443,2018-02-05 08:29:26
2018-02-05 08:46:06,-1,79,3892.84,0.5,167,-1,-1,3.434,2018-02-05 08:29:27
2018-02-05 08:46:06,-1,79,3896.27,0.5,167,-1,-1,3.434,2018-02-05 08:29:28
2018-02-05 08:46:06,-1,79,3899.7,0.5,167,-1,-1,3.424,2018-02-05 08:29:29
2018-02-05 08:46:06,-1,80,3903.01,0,167,-1,-1,3.312,2018-02-05 08:29:30
2018-02-05 08:46:06,-1,80,3906.32,0,166,-1,-1,3.312,2018-02-05 08:29:31
2018-02-05 08:46:06,-1,81,3909.65,0,166,-1,-1,3.331,2018-02-05 08:29:32
2018-02-05 08:46:06,-1,81,3912.99,0,167,-1,-1,3.331,2018-02-05 08:29:33
2018-02-05 08:46:06,-1,81,3916.39,0,167,-1,-1,3.406,2018-02-05 08:29:34
2018-02-05 08:46:06,-1,81,3919.82,0,166,-1,-1,3.424,2018-02-05 08:29:35
2018-02-05 08:46:06,-1,79,3923.25,0.5,166,-1,-1,3.434,2018-02-05 08:29:36
2018-02-05 08:46:06,-1,79,3926.68,0.5,166,-1,-1,3.434,2018-02-05 08:29:37
2018-02-05 08:46:06,-1,79,3930.1,0.5,166,-1,-1,3.415,2018-02-05 08:29:38
2018-02-05 08:46:06,-1,78,3933.5,0.5,166,-1,-1,3.406,2018-02-05 08:29:39
2018-02-05 08:46:06,-1,78,3936.87,0.5,166,-1,-1,3.359,2018-02-05 08:29:40
2018-02-05 08:46:06,-1,78,3940.22,0.5,166,-1,-1,3.359,2018-02-05 08:29:41
2018-02-05 08:46:06,-1,78,3943.56,0.5,166,-1,-1,3.34,2018-02-05 08:29:42
2018-02-05 08:46:06,-1,79,3946.92,0.5,166,-1,-1,3.359,2018-02-05 08:29:43
2018-02-05 08:46:06,-1,79,3950.3,0.5,166,-1,-1,3.378,2018-02-05 08:29:44
2018-02-05 08:46:06,-1,79,3953.69,0.5,165,-1,-1,3.396,2018-02-05 08:29:45
2018-02-05 08:46:06,-1,79,3957.09,0,165,-1,-1,3.396,2018-02-05 08:29:46
2018-02-05 08:46:06,-1,79,3960.51,0,165,-1,-1,3.415,2018-02-05 08:29:47
2018-02-05 08:46:06,-1,79,3963.92,0,165,-1,-1,3.415,2018-02-05 08:29:48
2018-02-05 08:46:06,-1,78,3967.4,0.5,165,-1,-1,3.48,2018-02-05 08:29:49
2018-02-05 08:46:06,-1,78,3970.88,0.5,165,-1,-1,3.48,2018-02-05 08:29:50
2018-02-05 08:46:06,-1,79,3974.38,0.5,165,-1,-1,3.499,2018-02-05 08:29:51
2018-02-05 08:46:06,-1,79,3977.88,0.5,165,-1,-1,3.499,2018-02-05 08:29:52
2018-02-05 08:46:06,-1,79,3981.37,0.5,164,-1,-1,3.49,2018-02-05 08:29:53
2018-02-05 08:46:06,-1,79,3984.86,0.5,164,-1,-1,3.49,2018-02-05 08:29:54
2018-02-05 08:46:06,-1,79,3988.33,0.5,164,-1,-1,3.471,2018-02-05 08:29:55
2018-02-05 08:46:06,-1,79,3991.79,0.5,164,-1,-1,3.462,2018-02-05 08:29:56
2018-02-05 08:46:06,-1,78,3995.25,0.5,164,-1,-1,3.462,2018-02-05 08:29:57
2018-02-05 08:46:06,-1,78,3998.67,0.5,164,-1,-1,3.415,2018-02-05 08:29:58
2018-02-05 08:46:06,-1,78,4002.08,0.5,164,-1,-1,3.415,2018-02-05 08:29:59
2018-02-05 08:46:06,-1,78,4005.44,0.5,164,-1,-1,3.359,2018-02-05 08:30:00
2018-02-05 08:46:06,-1,78,4008.76,0.5,164,-1,-1,3.322,2018-02-05 08:30:01
2018-02-05 08:46:06,-1,79,4012.08,0.5,164,-1,-1,3.303,2018-02-05 08:30:02
2018-02-05 08:46:06,-1,79,4015.38,0.5,164,-1,-1,3.312,2018-02-05 08:30:03
2018-02-05 08:46:06,-1,80,4018.69,0,163,-1,-1,3.312,2018-02-05 08:30:04
2018-02-05 08:46:06,-1,80,4022.01,0,163,-1,-1,3.312,2018-02-05 08:30:05
2018-02-05 08:46:06,-1,80,4025.32,0,163,-1,-1,3.312,2018-02-05 08:30:06
2018-02-05 08:46:06,-1,80,4028.64,0,163,-1,-1,3.322,2018-02-05 08:30:07
2018-02-05 08:46:06,-1,79,4032.01,0.5,164,-1,-1,3.368,2018-02-05 08:30:08
2018-02-05 08:46:06,-1,79,4035.5,0.5,164,-1,-1,3.49,2018-02-05 08:30:09
2018-02-05 08:46:06,-1,79,4038.99,0.5,164,-1,-1,3.49,2018-02-05 08:30:10
2018-02-05 08:46:06,-1,79,4042.5,0.5,164,-1,-1,3.508,2018-02-05 08:30:11
2018-02-05 08:46:06,-1,79,4046.04,0.5,164,-1,-1,3.546,2018-02-05 08:30:12
2018-02-05 08:46:06,-1,79,4049.59,0.5,163,-1,-1,3.546,2018-02-05 08:30:13
2018-02-05 08:46:06,-1,79,4053.16,0.5,163,-1,-1,3.574,2018-02-05 08:30:14
2018-02-05 08:46:06,-1,78,4056.75,0.5,164,-1,-1,3.592,2018-02-05 08:30:15
2018-02-05 08:46:06,-1,78,4060.34,0.5,163,-1,-1,3.592,2018-02-05 08:30:16
2018-02-05 08:46:06,-1,79,4063.92,0.5,163,-1,-1,3.574,2018-02-05 08:30:17
2018-02-05 08:46:06,-1,79,4067.48,0.5,163,-1,-1,3.564,2018-02-05 08:30:18
2018-02-05 08:46:06,-1,79,4071.02,0.5,163,-1,-1,3.536,2018-02-05 08:30:19
2018-02-05 08:46:06,-1,79,4074.56,0.5,163,-1,-1,3.536,2018-02-05 08:30:20
2018-02-05 08:46:06,-1,79,4078.08,0.5,163,-1,-1,3.527,2018-02-05 08:30:21
2018-02-05 08:46:06,-1,79,4081.63,0.5,163,-1,-1,3.546,2018-02-05 08:30:22
2018-02-05 08:46:06,-1,80,4085.2,0,163,-1,-1,3.574,2018-02-05 08:30:23
2018-02-05 08:46:06,-1,80,4088.78,0,163,-1,-1,3.574,2018-02-05 08:30:24
2018-02-05 08:46:06,-1,80,4092.33,0,163,-1,-1,3.555,2018-02-05 08:30:25
2018-02-05 08:46:06,-1,80,4095.92,0,163,-1,-1,3.592,2018-02-05 08:30:26
2018-02-05 08:46:06,-1,80,4099.52,0,163,-1,-1,3.592,2018-02-05 08:30:27
2018-02-05 08:46:06,-1,80,4103.11,0,163,-1,-1,3.592,2018-02-05 08:30:28
2018-02-05 08:46:06,-1,79,4106.68,0.5,163,-1,-1,3.574,2018-02-05 08:30:29
2018-02-05 08:46:06,-1,79,4110.26,0.5,163,-1,-1,3.574,2018-02-05 08:30:30
2018-02-05 08:46:06,-1,79,4113.82,0.5,162,-1,-1,3.564,2018-02-05 08:30:31
2018-02-05 08:46:06,-1,79,4117.31,0.5,162,-1,-1,3.49,2018-02-05 08:30:32
2018-02-05 08:46:06,-1,79,4120.8,0.5,162,-1,-1,3.49,2018-02-05 08:30:33
2018-02-05 08:46:06,-1,79,4124.28,0.5,161,-1,-1,3.48,2018-02-05 08:30:34
2018-02-05 08:46:06,-1,79,4127.75,0.5,161,-1,-1,3.471,2018-02-05 08:30:35
2018-02-05 08:46:06,-1,79,4131.24,0.5,161,-1,-1,3.49,2018-02-05 08:30:36
2018-02-05 08:46:06,-1,79,4134.73,0.5,161,-1,-1,3.49,2018-02-05 08:30:37
2018-02-05 08:46:06,-1,80,4138.29,0,162,-1,-1,3.546,2018-02-05 08:30:38
2018-02-05 08:46:06,-1,80,4141.82,0,162,-1,-1,3.546,2018-02-05 08:30:39
2018-02-05 08:46:06,-1,80,4145.4,0,162,-1,-1,3.583,2018-02-05 08:30:40
2018-02-05 08:46:06,-1,79,4149.08,0.5,162,-1,-1,3.676,2018-02-05 08:30:41
2018-02-05 08:46:06,-1,79,4152.76,0.5,163,-1,-1,3.676,2018-02-05 08:30:42
2018-02-05 08:46:06,-1,78,4156.4,0.5,163,-1,-1,3.648,2018-02-05 08:30:43
2018-02-05 08:46:06,-1,78,4159.92,0.5,163,-1,-1,3.518,2018-02-05 08:30:44
2018-02-05 08:46:06,-1,78,4163.44,0.5,164,-1,-1,3.518,2018-02-05 08:30:45
2018-02-05 08:46:06,-1,79,4166.93,0.5,163,-1,-1,3.49,2018-02-05 08:30:46
2018-02-05 08:46:06,-1,80,4170.45,0,163,-1,-1,3.518,2018-02-05 08:30:47
2018-02-05 08:46:06,-1,80,4173.97,0,163,-1,-1,3.518,2018-02-05 08:30:48
2018-02-05 08:46:06,-1,80,4177.49,0,163,-1,-1,3.527,2018-02-05 08:30:49
2018-02-05 08:46:06,-1,80,4181.03,0,163,-1,-1,3.536,2018-02-05 08:30:50
2018-02-05 08:46:06,-1,80,4184.56,0,163,-1,-1,3.536,2018-02-05 08:30:51
2018-02-05 08:46:06,-1,79,4188.05,0.5,163,-1,-1,3.49,2018-02-05 08:30:52
2018-02-05 08:46:06,-1,79,4191.48,0.5,164,-1,-1,3.424,2018-02-05 08:30:53
2018-02-05 08:46:06,-1,79,4194.88,0.5,164,-1,-1,3.406,2018-02-05 08:30:54
2018-02-05 08:46:06,-1,79,4198.29,0.5,164,-1,-1,3.406,2018-02-05 08:30:55
2018-02-05 08:46:06,-1,80,4201.7,0,165,-1,-1,3.406,2018-02-05 08:30:56
2018-02-05 08:46:06,-1,80,4205.17,0,165,-1,-1,3.471,2018-02-05 08:30:57
2018-02-05 08:46:06,-1,79,4208.64,0.5,164,-1,-1,3.471,2018-02-05 08:30:58
2018-02-05 08:46:06,-1,79,4212.13,0.5,164,-1,-1,3.49,2018-02-05 08:30:59
2018-02-05 08:46:06,-1,79,4215.64,0.5,164,-1,-1,3.508,2018-02-05 08:31:00
2018-02-05 08:46:06,-1,79,4219.2,0.5,164,-1,-1,3.564,2018-02-05 08:31:01
2018-02-05 08:46:06,-1,79,4222.76,0.5,165,-1,-1,3.555,2018-02-05 08:31:02
2018-02-05 08:46:06,-1,79,4226.31,0.5,164,-1,-1,3.555,2018-02-05 08:31:03
2018-02-05 08:46:06,-1,79,4229.86,0.5,164,-1,-1,3.546,2018-02-05 08:31:04
2018-02-05 08:46:06,-1,79,4233.37,0.5,165,-1,-1,3.518,2018-02-05 08:31:05
2018-02-05 08:46:06,-1,79,4236.89,0.5,165,-1,-1,3.518,2018-02-05 08:31:06
2018-02-05 08:46:06,-1,79,4240.42,0.5,165,-1,-1,3.527,2018-02-05 08:31:07
2018-02-05 08:46:06,-1,79,4243.95,0.5,165,-1,-1,3.536,2018-02-05 08:31:08
2018-02-05 08:46:06,-1,80,4247.49,0,164,-1,-1,3.536,2018-02-05 08:31:09
2018-02-05 08:46:06,-1,80,4251.01,0,164,-1,-1,3.518,2018-02-05 08:31:10
2018-02-05 08:46:06,-1,80,4254.53,0,164,-1,-1,3.518,2018-02-05 08:31:11
2018-02-05 08:46:06,-1,80,4258.05,0,164,-1,-1,3.527,2018-02-05 08:31:12
2018-02-05 08:46:06,-1,80,4261.51,0,163,-1,-1,3.462,2018-02-05 08:31:13
2018-02-05 08:46:06,-1,80,4264.98,0,163,-1,-1,3.462,2018-02-05 08:31:14
2018-02-05 08:46:06,-1,80,4268.41,0,163,-1,-1,3.434,2018-02-05 08:31:15
2018-02-05 08:46:06,-1,80,4271.89,0,163,-1,-1,3.48,2018-02-05 08:31:16
2018-02-05 08:46:06,-1,80,4275.37,0,163,-1,-1,3.48,2018-02-05 08:31:17
2018-02-05 08:46:06,-1,80,4278.88,0,164,-1,-1,3.508,2018-02-05 08:31:18
2018-02-05 08:46:06,-1,80,4282.48,0,164,-1,-1,3.602,2018-02-05 08:31:19
2018-02-05 08:46:06,-1,80,4286.08,0,164,-1,-1,3.602,2018-02-05 08:31:20
2018-02-05 08:46:06,-1,80,4289.7,0,164,-1,-1,3.62,2018-02-05 08:31:21
2018-02-05 08:46:06,-1,79,4293.25,0.5,164,-1,-1,3.546,2018-02-05 08:31:22
2018-02-05 08:46:06,-1,79,4296.79,0.5,163,-1,-1,3.546,2018-02-05 08:31:23
2018-02-05 08:46:06,-1,79,4300.32,0.5,163,-1,-1,3.527,2018-02-05 08:31:24
2018-02-05 08:46:06,-1,79,4303.71,0.5,163,-1,-1,3.387,2018-02-05 08:31:25
2018-02-05 08:46:06,-1,79,4307.08,0.5,163,-1,-1,3.368,2018-02-05 08:31:26
2018-02-05 08:46:06,-1,79,4310.45,0.5,163,-1,-1,3.368,2018-02-05 08:31:27
2018-02-05 08:46:06,-1,79,4313.82,0.5,163,-1,-1,3.378,2018-02-05 08:31:28
2018-02-05 08:46:06,-1,80,4317.3,0,164,-1,-1,3.48,2018-02-05 08:31:29
2018-02-05 08:46:06,-1,80,4320.78,0,164,-1,-1,3.48,2018-02-05 08:31:30
2018-02-05 08:46:06,-1,80,4324.28,0,163,-1,-1,3.499,2018-02-05 08:31:31
2018-02-05 08:46:06,-1,79,4327.74,0.5,163,-1,-1,3.462,2018-02-05 08:31:32
2018-02-05 08:46:06,-1,79,4331.21,0,163,-1,-1,3.462,2018-02-05 08:31:33
2018-02-05 08:46:06,-1,78,4334.65,0.5,163,-1,-1,3.443,2018-02-05 08:31:34
2018-02-05 08:46:06,-1,78,4338.07,0.5,162,-1,-1,3.424,2018-02-05 08:31:35
2018-02-05 08:46:06,-1,78,4341.5,0.5,162,-1,-1,3.424,2018-02-05 08:31:36
2018-02-05 08:46:06,-1,79,4344.95,0.5,162,-1,-1,3.452,2018-02-05 08:31:37
2018-02-05 08:46:06,-1,79,4348.46,0.5,161,-1,-1,3.508,2018-02-05 08:31:38
2018-02-05 08:46:06,-1,79,4351.97,0.5,161,-1,-1,3.508,2018-02-05 08:31:39
2018-02-05 08:46:06,-1,79,4355.48,0.5,161,-1,-1,3.518,2018-02-05 08:31:40
2018-02-05 08:46:06,-1,79,4359.02,0.5,161,-1,-1,3.536,2018-02-05 08:31:41
2018-02-05 08:46:06,-1,79,4362.56,0.5,161,-1,-1,3.536,2018-02-05 08:31:42
2018-02-05 08:46:06,-1,79,4366.07,0.5,161,-1,-1,3.518,2018-02-05 08:31:43
2018-02-05 08:46:06,-1,80,4369.55,0,161,-1,-1,3.48,2018-02-05 08:31:44
2018-02-05 08:46:06,-1,80,4373.04,0,161,-1,-1,3.48,2018-02-05 08:31:45
2018-02-05 08:46:06,-1,80,4376.52,0,162,-1,-1,3.49,2018-02-05 08:31:46
2018-02-05 08:46:06,-1,81,4380.02,0,162,-1,-1,3.499,2018-02-05 08:31:47
2018-02-05 08:46:06,-1,81,4383.52,0,162,-1,-1,3.499,2018-02-05 08:31:48
2018-02-05 08:46:06,-1,80,4387.03,0,162,-1,-1,3.508,2018-02-05 08:31:49
2018-02-05 08:46:06,-1,80,4390.54,0,162,-1,-1,3.508,2018-02-05 08:31:50
2018-02-05 08:46:06,-1,80,4394.05,0,162,-1,-1,3.508,2018-02-05 08:31:51
2018-02-05 08:46:06,-1,80,4397.49,0,163,-1,-1,3.443,2018-02-05 08:31:52
2018-02-05 08:46:06,-1,80,4400.87,0,163,-1,-1,3.378,2018-02-05 08:31:53
2018-02-05 08:46:06,-1,79,4404.12,0.5,164,-1,-1,3.247,2018-02-05 08:31:54
2018-02-05 08:46:06,-1,79,4407.36,0.5,164,-1,-1,3.247,2018-02-05 08:31:55
2018-02-05 08:46:06,-1,79,4410.64,0.5,164,-1,-1,3.275,2018-02-05 08:31:56
2018-02-05 08:46:06,-1,80,4414.11,0,164,-1,-1,3.471,2018-02-05 08:31:57
2018-02-05 08:46:06,-1,80,4417.68,0,164,-1,-1,3.574,2018-02-05 08:31:58
2018-02-05 08:46:06,-1,80,4421.26,0,164,-1,-1,3.574,2018-02-05 08:31:59
2018-02-05 08:46:06,-1,81,4424.85,0,164,-1,-1,3.592,2018-02-05 08:32:00
2018-02-05 08:46:06,-1,80,4428.45,0,163,-1,-1,3.602,2018-02-05 08:32:01
2018-02-05 08:46:06,-1,80,4432.05,0,163,-1,-1,3.602,2018-02-05 08:32:02
2018-02-05 08:46:06,-1,80,4435.56,0,164,-1,-1,3.508,2018-02-05 08:32:03
2018-02-05 08:46:06,-1,80,4439.07,0,164,-1,-1,3.508,2018-02-05 08:32:04
2018-02-05 08:46:06,-1,80,4442.51,0,163,-1,-1,3.443,2018-02-05 08:32:05
2018-02-05 08:46:06,-1,80,4445.95,0,163,-1,-1,3.443,2018-02-05 08:32:06
2018-02-05 08:46:06,-1,81,4449.4,0,164,-1,-1,3.443,2018-02-05 08:32:07
2018-02-05 08:46:06,-1,81,4452.84,0,163,-1,-1,3.443,2018-02-05 08:32:08
2018-02-05 08:46:06,-1,81,4456.29,0,164,-1,-1,3.443,2018-02-05 08:32:09
2018-02-05 08:46:06,-1,80,4459.77,0,163,-1,-1,3.48,2018-02-05 08:32:10
2018-02-05 08:46:06,-1,80,4463.24,0,163,-1,-1,3.48,2018-02-05 08:32:11
2018-02-05 08:46:06,-1,80,4466.7,0,163,-1,-1,3.452,2018-02-05 08:32:12
2018-02-05 08:46:06,-1,80,4470.11,0,164,-1,-1,3.415,2018-02-05 08:32:13
2018-02-05 08:46:06,-1,80,4473.53,0,164,-1,-1,3.415,2018-02-05 08:32:14
2018-02-05 08:46:06,-1,80,4476.82,0,164,-1,-1,3.294,2018-02-05 08:32:15
2018-02-05 08:46:06,-1,81,4480.14,0,164,-1,-1,3.322,2018-02-05 08:32:16
2018-02-05 08:46:06,-1,81,4483.46,0,164,-1,-1,3.322,2018-02-05 08:32:17
2018-02-05 08:46:06,-1,81,4486.84,0,164,-1,-1,3.378,2018-02-05 08:32:18
2018-02-05 08:46:06,-1,81,4490.4,0,164,-1,-1,3.555,2018-02-05 08:32:19
2018-02-05 08:46:06,-1,81,4493.95,0,164,-1,-1,3.555,2018-02-05 08:32:20
2018-02-05 08:46:06,-1,81,4497.53,0,164,-1,-1,3.574,2018-02-05 08:32:21
2018-02-05 08:46:06,-1,80,4501.11,0,163,-1,-1,3.583,2018-02-05 08:32:22
2018-02-05 08:46:06,-1,80,4504.72,0,164,-1,-1,3.611,2018-02-05 08:32:23
2018-02-05 08:46:06,-1,80,4508.33,0,165,-1,-1,3.611,2018-02-05 08:32:24
2018-02-05 08:46:06,-1,80,4511.92,0,165,-1,-1,3.592,2018-02-05 08:32:25
2018-02-05 08:46:06,-1,80,4515.47,0,165,-1,-1,3.546,2018-02-05 08:32:26
2018-02-05 08:46:06,-1,79,4518.95,0.5,165,-1,-1,3.48,2018-02-05 08:32:27
2018-02-05 08:46:06,-1,78,4522.43,0.5,165,-1,-1,3.48,2018-02-05 08:32:28
2018-02-05 08:46:06,-1,79,4525.89,0.5,164,-1,-1,3.462,2018-02-05 08:32:29
2018-02-05 08:46:06,-1,79,4529.41,0.5,164,-1,-1,3.518,2018-02-05 08:32:30
2018-02-05 08:46:06,-1,79,4532.93,0.5,165,-1,-1,3.518,2018-02-05 08:32:31
2018-02-05 08:46:06,-1,80,4536.47,0,164,-1,-1,3.546,2018-02-05 08:32:32
2018-02-05 08:46:06,-1,80,4540.01,0,165,-1,-1,3.536,2018-02-05 08:32:33
2018-02-05 08:46:06,-1,80,4543.49,0,165,-1,-1,3.48,2018-02-05 08:32:34
2018-02-05 08:46:06,-1,80,4546.97,0,165,-1,-1,3.48,2018-02-05 08:32:35
2018-02-05 08:46:06,-1,79,4550.43,0.5,165,-1,-1,3.462,2018-02-05 08:32:36
2018-02-05 08:46:06,-1,79,4553.87,0.5,165,-1,-1,3.443,2018-02-05 08:32:37
2018-02-05 08:46:06,-1,79,4557.32,0.5,165,-1,-1,3.443,2018-02-05 08:32:38
2018-02-05 08:46:06,-1,78,4560.76,0,165,-1,-1,3.443,2018-02-05 08:32:39
2018-02-05 08:46:06,-1,78,4564.11,0.5,165,-1,-1,3.35,2018-02-05 08:32:40
2018-02-05 08:46:06,-1,78,4567.46,0.5,165,-1,-1,3.35,2018-02-05 08:32:41
2018-02-05 08:46:06,-1,78,4570.73,0.5,165,-1,-1,3.275,2018-02-05 08:32:42
2018-02-05 08:46:06,-1,79,4574.05,0.5,166,-1,-1,3.312,2018-02-05 08:32:43
2018-02-05 08:46:06,-1,79,4577.35,0.5,165,-1,-1,3.303,2018-02-05 08:32:44
2018-02-05 08:46:06,-1,79,4580.66,0.5,165,-1,-1,3.303,2018-02-05 08:32:45
2018-02-05 08:46:06,-1,79,4583.96,0.5,165,-1,-1,3.303,2018-02-05 08:32:46
2018-02-05 08:46:06,-1,79,4587.27,0.5,165,-1,-1,3.312,2018-02-05 08:32:47
2018-02-05 08:46:06,-1,78,4590.65,0.5,164,-1,-1,3.387,2018-02-05 08:32:48
2018-02-05 08:46:06,-1,78,4594.04,0.5,164,-1,-1,3.387,2018-02-05 08:32:49
2018-02-05 08:46:06,-1,78,4597.44,0.5,164,-1,-1,3.396,2018-02-05 08:32:50
2018-02-05 08:46:06,-1,79,4600.83,0.5,164,-1,-1,3.387,2018-02-05 08:32:51
2018-02-05 08:46:06,-1,79,4604.2,0.5,164,-1,-1,3.378,2018-02-05 08:32:52
2018-02-05 08:46:06,-1,79,4607.56,0.5,164,-1,-1,3.359,2018-02-05 08:32:53
2018-02-05 08:46:06,-1,79,4610.9,0.5,164,-1,-1,3.34,2018-02-05 08:32:54
2018-02-05 08:46:06,-1,79,4614.24,0.5,164,-1,-1,3.34,2018-02-05 08:32:55
2018-02-05 08:46:06,-1,79,4617.59,0.5,164,-1,-1,3.35,2018-02-05 08:32:56
2018-02-05 08:46:06,-1,78,4620.94,0.5,164,-1,-1,3.35,2018-02-05 08:32:57
2018-02-05 08:46:06,-1,79,4624.27,0.5,164,-1,-1,3.322,2018-02-05 08:32:58
2018-02-05 08:46:06,-1,79,4627.59,0.5,164,-1,-1,3.322,2018-02-05 08:32:59
2018-02-05 08:46:06,-1,80,4630.91,0,163,-1,-1,3.322,2018-02-05 08:33:00
2018-02-05 08:46:06,-1,81,4634.24,0,163,-1,-1,3.331,2018-02-05 08:33:01
2018-02-05 08:46:06,-1,81,4637.57,0,163,-1,-1,3.331,2018-02-05 08:33:02
2018-02-05 08:46:06,-1,81,4640.92,0,162,-1,-1,3.35,2018-02-05 08:33:03
2018-02-05 08:46:06,-1,81,4644.38,0,162,-1,-1,3.462,2018-02-05 08:33:04
2018-02-05 08:46:06,-1,81,4647.85,0,161,-1,-1,3.462,2018-02-05 08:33:05
2018-02-05 08:46:06,-1,81,4651.35,0,161,-1,-1,3.508,2018-02-05 08:33:06
2018-02-05 08:46:06,-1,80,4654.88,0,161,-1,-1,3.527,2018-02-05 08:33:07
2018-02-05 08:46:06,-1,80,4658.39,0,160,-1,-1,3.508,2018-02-05 08:33:08
2018-02-05 08:46:06,-1,80,4661.89,0,160,-1,-1,3.508,2018-02-05 08:33:09
2018-02-05 08:46:06,-1,80,4665.37,0,160,-1,-1,3.471,2018-02-05 08:33:10
2018-02-05 08:46:06,-1,80,4668.84,0,160,-1,-1,3.471,2018-02-05 08:33:11
2018-02-05 08:46:06,-1,81,4672.3,0,160,-1,-1,3.462,2018-02-05 08:33:12
2018-02-05 08:46:06,-1,81,4675.79,0,161,-1,-1,3.49,2018-02-05 08:33:13
2018-02-05 08:46:06,-1,81,4679.3,0,162,-1,-1,3.508,2018-02-05 08:33:14
2018-02-05 08:46:06,-1,81,4682.91,0,163,-1,-1,3.611,2018-02-05 08:33:15
2018-02-05 08:46:06,-1,82,4686.82,0,162,-1,-1,3.91,2018-02-05 08:33:16
2018-02-05 08:46:06,-1,82,4691.26,0,163,-1,-1,4.441,2018-02-05 08:33:17
2018-02-05 08:46:06,-1,82,4695.7,0,163,-1,-1,4.441,2018-02-05 08:33:18
2018-02-05 08:46:06,-1,82,4700,0,164,-1,-1,4.301,2018-02-05 08:33:19
2018-02-05 08:46:06,-1,87,4704.92,0,166,-1,-1,4.917,2018-02-05 08:33:20
2018-02-05 08:46:06,-1,87,4709.84,0,166,-1,-1,4.917,2018-02-05 08:33:21
2018-02-05 08:46:06,-1,87,4714.88,0,167,-1,-1,5.048,2018-02-05 08:33:22
2018-02-05 08:46:06,-1,86,4719.64,0.5,168,-1,-1,4.759,2018-02-05 08:33:23
2018-02-05 08:46:06,-1,86,4724.4,0.5,168,-1,-1,4.759,2018-02-05 08:33:24
2018-02-05 08:46:06,-1,86,4729.03,0.5,169,-1,-1,4.628,2018-02-05 08:33:25
2018-02-05 08:46:06,-1,85,4733.48,0.5,169,-1,-1,4.451,2018-02-05 08:33:26
2018-02-05 08:46:06,-1,85,4737.93,0.5,170,-1,-1,4.451,2018-02-05 08:33:27
2018-02-05 08:46:06,-1,86,4742.38,0.5,170,-1,-1,4.451,2018-02-05 08:33:28
2018-02-05 08:46:06,-1,86,4747.06,0.5,171,-1,-1,4.675,2018-02-05 08:33:29
2018-02-05 08:46:06,-1,86,4751.73,0.5,171,-1,-1,4.675,2018-02-05 08:33:30
2018-02-05 08:46:06,-1,86,4756.5,0.5,172,-1,-1,4.768,2018-02-05 08:33:31
2018-02-05 08:46:06,-1,85,4761.3,0.5,173,-1,-1,4.805,2018-02-05 08:33:32
2018-02-05 08:46:06,-1,85,4766.11,0.5,173,-1,-1,4.805,2018-02-05 08:33:33
2018-02-05 08:46:06,-1,84,4770.9,0.5,173,-1,-1,4.787,2018-02-05 08:33:34
2018-02-05 08:46:06,-1,84,4775.75,0.5,173,-1,-1,4.852,2018-02-05 08:33:35
2018-02-05 08:46:06,-1,84,4780.6,0.5,174,-1,-1,4.852,2018-02-05 08:33:36
2018-02-05 08:46:06,-1,84,4785.39,0.5,173,-1,-1,4.787,2018-02-05 08:33:37
2018-02-05 08:46:06,-1,83,4789.92,0.5,173,-1,-1,4.525,2018-02-05 08:33:38
2018-02-05 08:46:06,-1,83,4794.44,0.5,172,-1,-1,4.525,2018-02-05 08:33:39
2018-02-05 08:46:06,-1,83,4798.79,0.5,172,-1,-1,4.348,2018-02-05 08:33:40
2018-02-05 08:46:06,-1,83,4802.97,0.5,173,-1,-1,4.18,2018-02-05 08:33:41
2018-02-05 08:46:06,-1,83,4807.15,0.5,173,-1,-1,4.18,2018-02-05 08:33:42
2018-02-05 08:46:06,-1,83,4811.34,0.5,173,-1,-1,4.189,2018-02-05 08:33:43
2018-02-05 08:46:06,-1,86,4815.69,0.5,174,-1,-1,4.357,2018-02-05 08:33:44
2018-02-05 08:46:06,-1,86,4820.05,0.5,174,-1,-1,4.357,2018-02-05 08:33:45
2018-02-05 08:46:06,-1,84,4824.55,0.5,174,-1,-1,4.497,2018-02-05 08:33:46
2018-02-05 08:46:06,-1,84,4829.04,0.5,174,-1,-1,4.497,2018-02-05 08:33:47
2018-02-05 08:46:06,-1,83,4833.51,0,174,-1,-1,4.469,2018-02-05 08:33:48
2018-02-05 08:46:06,-1,84,4837.92,0,174,-1,-1,4.404,2018-02-05 08:33:49
2018-02-05 08:46:06,-1,84,4842.32,0,174,-1,-1,4.404,2018-02-05 08:33:50
2018-02-05 08:46:06,-1,84,4846.71,0,174,-1,-1,4.385,2018-02-05 08:33:51
2018-02-05 08:46:06,-1,84,4851.05,0,174,-1,-1,4.339,2018-02-05 08:33:52
2018-02-05 08:46:06,-1,83,4855.17,0,174,-1,-1,4.124,2018-02-05 08:33:53
2018-02-05 08:46:06,-1,83,4858.82,0,174,-1,-1,3.648,2018-02-05 08:33:54
2018-02-05 08:46:06,-1,82,4862.25,0,174,-1,-1,3.434,2018-02-05 08:33:55
2018-02-05 08:46:06,-1,81,4865.77,0,174,-1,-1,3.518,2018-02-05 08:33:56
2018-02-05 08:46:06,-1,80,4869.34,0,174,-1,-1,3.564,2018-02-05 08:33:57
2018-02-05 08:46:06,-1,78,4872.82,0,174,-1,-1,3.49,2018-02-05 08:33:58
2018-02-05 08:46:06,-1,78,4876.16,0,174,-1,-1,3.331,2018-02-05 08:33:59
2018-02-05 08:46:06,-1,78,4879.36,0.5,174,-1,-1,3.2,2018-02-05 08:34:00
2018-02-05 08:46:06,-1,78,4882.56,0.5,174,-1,-1,3.2,2018-02-05 08:34:01
2018-02-05 08:46:06,-1,78,4885.79,0.5,173,-1,-1,3.238,2018-02-05 08:34:02
2018-02-05 08:46:06,-1,78,4889.04,0.5,173,-1,-1,3.247,2018-02-05 08:34:03
2018-02-05 08:46:06,-1,79,4892.29,0.5,173,-1,-1,3.247,2018-02-05 08:34:04
2018-02-05 08:46:06,-1,79,4895.64,0.5,173,-1,-1,3.35,2018-02-05 08:34:05
2018-02-05 08:46:06,-1,79,4898.99,0.5,173,-1,-1,3.35,2018-02-05 08:34:06
2018-02-05 08:46:06,-1,79,4902.33,0.5,172,-1,-1,3.34,2018-02-05 08:34:07
2018-02-05 08:46:06,-1,80,4905.65,0,172,-1,-1,3.322,2018-02-05 08:34:08
2018-02-05 08:46:06,-1,80,4908.98,0,172,-1,-1,3.322,2018-02-05 08:34:09
2018-02-05 08:46:06,-1,80,4912.29,0,172,-1,-1,3.322,2018-02-05 08:34:10
2018-02-05 08:46:06,-1,80,4915.62,0,172,-1,-1,3.331,2018-02-05 08:34:11
2018-02-05 08:46:06,-1,79,4918.96,0.5,172,-1,-1,3.331,2018-02-05 08:34:12
2018-02-05 08:46:06,-1,79,4922.3,0.5,172,-1,-1,3.34,2018-02-05 08:34:13
2018-02-05 08:46:06,-1,79,4925.66,0.5,172,-1,-1,3.359,2018-02-05 08:34:14
2018-02-05 08:46:06,-1,79,4929.01,0.5,172,-1,-1,3.359,2018-02-05 08:34:15
2018-02-05 08:46:06,-1,79,4932.39,0.5,171,-1,-1,3.378,2018-02-05 08:34:16
2018-02-05 08:46:06,-1,79,4935.84,0.5,171,-1,-1,3.452,2018-02-05 08:34:17
2018-02-05 08:46:06,-1,80,4939.3,0,171,-1,-1,3.452,2018-02-05 08:34:18
2018-02-05 08:46:06,-1,79,4942.79,0.5,171,-1,-1,3.49,2018-02-05 08:34:19
2018-02-05 08:46:06,-1,79,4946.31,0.5,171,-1,-1,3.527,2018-02-05 08:34:20
2018-02-05 08:46:06,-1,79,4949.89,0.5,172,-1,-1,3.574,2018-02-05 08:34:21
2018-02-05 08:46:06,-1,79,4953.5,0.5,171,-1,-1,3.611,2018-02-05 08:34:22
2018-02-05 08:46:06,-1,79,4957.11,0.5,171,-1,-1,3.611,2018-02-05 08:34:23
2018-02-05 08:46:06,-1,79,4960.77,0.5,170,-1,-1,3.658,2018-02-05 08:34:24
2018-02-05 08:46:06,-1,79,4964.42,0.5,171,-1,-1,3.658,2018-02-05 08:34:25
2018-02-05 08:46:06,-1,80,4968.08,0,171,-1,-1,3.658,2018-02-05 08:34:26
2018-02-05 08:46:06,-1,80,4971.75,0,171,-1,-1,3.667,2018-02-05 08:34:27
2018-02-05 08:46:06,-1,80,4975.42,0,171,-1,-1,3.667,2018-02-05 08:34:28
2018-02-05 08:46:06,-1,80,4979.08,0,172,-1,-1,3.667,2018-02-05 08:34:29
2018-02-05 08:46:06,-1,80,4982.7,0,172,-1,-1,3.62,2018-02-05 08:34:30
2018-02-05 08:46:06,-1,80,4986.32,0,172,-1,-1,3.62,2018-02-05 08:34:31
2018-02-05 08:46:06,-1,80,4989.9,0,171,-1,-1,3.574,2018-02-05 08:34:32
2018-02-05 08:46:06,-1,80,4993.34,0,171,-1,-1,3.443,2018-02-05 08:34:33
2018-02-05 08:46:06,-1,80,4996.79,0,171,-1,-1,3.443,2018-02-05 08:34:34
2018-02-05 08:46:06,-1,80,5000.23,0,171,-1,-1,3.443,2018-02-05 08:34:35
2018-02-05 08:46:06,-1,79,5003.72,0.5,171,-1,-1,3.49,2018-02-05 08:34:36
2018-02-05 08:46:06,-1,79,5007.23,0.5,171,-1,-1,3.518,2018-02-05 08:34:37
2018-02-05 08:46:06,-1,79,5010.77,0.5,171,-1,-1,3.536,2018-02-05 08:34:38
2018-02-05 08:46:06,-1,79,5014.32,0.5,170,-1,-1,3.546,2018-02-05 08:34:39
2018-02-05 08:46:06,-1,79,5017.86,0.5,171,-1,-1,3.546,2018-02-05 08:34:40
2018-02-05 08:46:06,-1,79,5021.4,0.5,171,-1,-1,3.536,2018-02-05 08:34:41
2018-02-05 08:46:06,-1,79,5024.92,0.5,170,-1,-1,3.518,2018-02-05 08:34:42
2018-02-05 08:46:06,-1,79,5028.37,0.5,170,-1,-1,3.452,2018-02-05 08:34:43
2018-02-05 08:46:06,-1,79,5031.71,0.5,170,-1,-1,3.34,2018-02-05 08:34:44
2018-02-05 08:46:06,-1,79,5035.01,0.5,170,-1,-1,3.303,2018-02-05 08:34:45
2018-02-05 08:46:06,-1,79,5038.33,0.5,170,-1,-1,3.322,2018-02-05 08:34:46
2018-02-05 08:46:06,-1,79,5041.7,0.5,170,-1,-1,3.368,2018-02-05 08:34:47
2018-02-05 08:46:06,-1,79,5045.1,0.5,170,-1,-1,3.396,2018-02-05 08:34:48
2018-02-05 08:46:06,-1,80,5048.52,0,170,-1,-1,3.415,2018-02-05 08:34:49
2018-02-05 08:46:06,-1,80,5051.97,0,169,-1,-1,3.452,2018-02-05 08:34:50
2018-02-05 08:46:06,-1,80,5055.43,0,170,-1,-1,3.462,2018-02-05 08:34:51
2018-02-05 08:46:06,-1,80,5058.89,0,170,-1,-1,3.462,2018-02-05 08:34:52
2018-02-05 08:46:06,-1,80,5062.32,0,170,-1,-1,3.434,2018-02-05 08:34:53
2018-02-05 08:46:06,-1,80,5065.76,0,170,-1,-1,3.443,2018-02-05 08:34:54
2018-02-05 08:46:06,-1,80,5069.21,0,170,-1,-1,3.443,2018-02-05 08:34:55
2018-02-05 08:46:06,-1,80,5072.66,0,170,-1,-1,3.452,2018-02-05 08:34:56
2018-02-05 08:46:06,-1,80,5076.11,0,170,-1,-1,3.452,2018-02-05 08:34:57
2018-02-05 08:46:06,-1,80,5079.57,0,170,-1,-1,3.462,2018-02-05 08:34:58
2018-02-05 08:46:06,-1,80,5082.97,0,169,-1,-1,3.396,2018-02-05 08:34:59
2018-02-05 08:46:06,-1,80,5086.31,0,169,-1,-1,3.331,2018-02-05 08:35:00
2018-02-05 08:46:06,-1,79,5089.6,0.5,169,-1,-1,3.294,2018-02-05 08:35:01
2018-02-05 08:46:06,-1,78,5092.94,0.5,169,-1,-1,3.34,2018-02-05 08:35:02
2018-02-05 08:46:06,-1,78,5096.28,0.5,169,-1,-1,3.34,2018-02-05 08:35:03
2018-02-05 08:46:06,-1,78,5099.6,0.5,169,-1,-1,3.322,2018-02-05 08:35:04
2018-02-05 08:46:06,-1,79,5102.92,0.5,169,-1,-1,3.322,2018-02-05 08:35:05
2018-02-05 08:46:06,-1,79,5106.25,0.5,168,-1,-1,3.331,2018-02-05 08:35:06
2018-02-05 08:46:06,-1,80,5109.58,0,168,-1,-1,3.322,2018-02-05 08:35:07
2018-02-05 08:46:06,-1,80,5112.89,0,168,-1,-1,3.322,2018-02-05 08:35:08
2018-02-05 08:46:06,-1,79,5116.23,0.5,168,-1,-1,3.34,2018-02-05 08:35:09
2018-02-05 08:46:06,-1,79,5119.58,0.5,168,-1,-1,3.35,2018-02-05 08:35:10
2018-02-05 08:46:06,-1,78,5122.93,0,167,-1,-1,3.35,2018-02-05 08:35:11
2018-02-05 08:46:06,-1,78,5126.24,0,167,-1,-1,3.303,2018-02-05 08:35:12
2018-02-05 08:46:06,-1,78,5129.5,0,167,-1,-1,3.266,2018-02-05 08:35:13
2018-02-05 08:46:06,-1,78,5132.76,0,167,-1,-1,3.256,2018-02-05 08:35:14
2018-02-05 08:46:06,-1,78,5136.02,0,167,-1,-1,3.256,2018-02-05 08:35:15
2018-02-05 08:46:06,-1,78,5139.27,0,167,-1,-1,3.256,2018-02-05 08:35:16
2018-02-05 08:46:06,-1,79,5142.52,0,167,-1,-1,3.247,2018-02-05 08:35:17
2018-02-05 08:46:06,-1,79,5145.77,0,167,-1,-1,3.247,2018-02-05 08:35:18
2018-02-05 08:46:06,-1,79,5148.97,0,167,-1,-1,3.2,2018-02-05 08:35:19
2018-02-05 08:46:06,-1,79,5152.11,0,167,-1,-1,3.144,2018-02-05 08:35:20
2018-02-05 08:46:06,-1,79,5155.26,0,166,-1,-1,3.144,2018-02-05 08:35:21
2018-02-05 08:46:06,-1,78,5158.41,0,166,-1,-1,3.154,2018-02-05 08:35:22
2018-02-05 08:46:06,-1,78,5161.6,0,166,-1,-1,3.191,2018-02-05 08:35:23
2018-02-05 08:46:06,-1,78,5164.8,0,166,-1,-1,3.191,2018-02-05 08:35:24
2018-02-05 08:46:06,-1,78,5167.98,0,166,-1,-1,3.191,2018-02-05 08:35:25
2018-02-05 08:46:06,-1,78,5171.17,0,165,-1,-1,3.191,2018-02-05 08:35:26
2018-02-05 08:46:06,-1,79,5174.36,0,165,-1,-1,3.191,2018-02-05 08:35:27
2018-02-05 08:46:06,-1,79,5177.59,0,165,-1,-1,3.228,2018-02-05 08:35:28
2018-02-05 08:46:06,-1,78,5180.82,0,164,-1,-1,3.228,2018-02-05 08:35:29
2018-02-05 08:46:06,-1,78,5184.05,0,164,-1,-1,3.228,2018-02-05 08:35:30
2018-02-05 08:46:06,-1,78,5187.27,0,165,-1,-1,3.219,2018-02-05 08:35:31
2018-02-05 08:46:06,-1,78,5190.48,0.5,165,-1,-1,3.21,2018-02-05 08:35:32
2018-02-05 08:46:06,-1,78,5193.71,0.5,165,-1,-1,3.228,2018-02-05 08:35:33
2018-02-05 08:46:06,-1,78,5197.01,0.5,165,-1,-1,3.303,2018-02-05 08:35:34
2018-02-05 08:46:06,-1,78,5200.35,0.5,165,-1,-1,3.34,2018-02-05 08:35:35
2018-02-05 08:46:06,-1,78,5203.68,0.5,165,-1,-1,3.322,2018-02-05 08:35:36
2018-02-05 08:46:06,-1,79,5206.95,0.5,165,-1,-1,3.275,2018-02-05 08:35:37
2018-02-05 08:46:06,-1,79,5210.24,0.5,164,-1,-1,3.294,2018-02-05 08:35:38
2018-02-05 08:46:06,-1,79,5213.54,0.5,164,-1,-1,3.294,2018-02-05 08:35:39
2018-02-05 08:46:06,-1,79,5216.82,0.5,164,-1,-1,3.284,2018-02-05 08:35:40
2018-02-05 08:46:06,-1,79,5220.1,0.5,164,-1,-1,3.284,2018-02-05 08:35:41
2018-02-05 08:46:06,-1,79,5223.41,0.5,164,-1,-1,3.303,2018-02-05 08:35:42
2018-02-05 08:46:06,-1,78,5226.7,0,164,-1,-1,3.294,2018-02-05 08:35:43
2018-02-05 08:46:06,-1,78,5229.99,0,164,-1,-1,3.284,2018-02-05 08:35:44
2018-02-05 08:46:06,-1,78,5233.27,0,164,-1,-1,3.284,2018-02-05 08:35:45
2018-02-05 08:46:06,-1,78,5236.55,0,164,-1,-1,3.275,2018-02-05 08:35:46
2018-02-05 08:46:06,-1,78,5239.82,0.5,164,-1,-1,3.275,2018-02-05 08:35:47
2018-02-05 08:46:06,-1,78,5243.15,0.5,163,-1,-1,3.284,2018-02-05 08:35:48
2018-02-05 08:46:06,-1,78,5246.39,0.5,163,-1,-1,3.284,2018-02-05 08:35:49
2018-02-05 08:46:06,-1,78,5249.68,0.5,163,-1,-1,3.294,2018-02-05 08:35:50
2018-02-05 08:46:06,-1,78,5252.97,0.5,163,-1,-1,3.284,2018-02-05 08:35:51
2018-02-05 08:46:06,-1,78,5256.26,0.5,163,-1,-1,3.294,2018-02-05 08:35:52
2018-02-05 08:46:06,-1,78,5259.55,0.5,163,-1,-1,3.284,2018-02-05 08:35:53
2018-02-05 08:46:06,-1,80,5262.83,0,163,-1,-1,3.284,2018-02-05 08:35:54
2018-02-05 08:46:06,-1,80,5266.12,0,163,-1,-1,3.284,2018-02-05 08:35:55
2018-02-05 08:46:06,-1,80,5269.4,0,163,-1,-1,3.284,2018-02-05 08:35:56
2018-02-05 08:46:06,-1,80,5272.69,0,164,-1,-1,3.284,2018-02-05 08:35:57
2018-02-05 08:46:06,-1,80,5275.97,0,163,-1,-1,3.284,2018-02-05 08:35:58
2018-02-05 08:46:06,-1,79,5279.25,0.5,163,-1,-1,3.284,2018-02-05 08:35:59
2018-02-05 08:46:06,-1,79,5282.55,0.5,163,-1,-1,3.294,2018-02-05 08:36:00
2018-02-05 08:46:06,-1,79,5285.85,0.5,163,-1,-1,3.303,2018-02-05 08:36:01
2018-02-05 08:46:06,-1,79,5289.15,0.5,162,-1,-1,3.303,2018-02-05 08:36:02
2018-02-05 08:46:06,-1,80,5292.45,0,162,-1,-1,3.294,2018-02-05 08:36:03
2018-02-05 08:46:06,-1,80,5295.74,0,162,-1,-1,3.294,2018-02-05 08:36:04
2018-02-05 08:46:06,-1,79,5299.05,0.5,162,-1,-1,3.303,2018-02-05 08:36:05
2018-02-05 08:46:06,-1,79,5302.38,0.5,162,-1,-1,3.34,2018-02-05 08:36:06
2018-02-05 08:46:06,-1,79,5305.73,0.5,161,-1,-1,3.35,2018-02-05 08:36:07
2018-02-05 08:46:06,-1,79,5309.13,0.5,162,-1,-1,3.396,2018-02-05 08:36:08
2018-02-05 08:46:06,-1,79,5312.52,0.5,162,-1,-1,3.396,2018-02-05 08:36:09
2018-02-05 08:46:06,-1,80,5315.94,0,162,-1,-1,3.415,2018-02-05 08:36:10
2018-02-05 08:46:06,-1,80,5319.39,0,162,-1,-1,3.452,2018-02-05 08:36:11
2018-02-05 08:46:06,-1,79,5322.89,0.5,162,-1,-1,3.49,2018-02-05 08:36:12
2018-02-05 08:46:06,-1,79,5326.39,0.5,162,-1,-1,3.508,2018-02-05 08:36:13
2018-02-05 08:46:06,-1,79,5329.9,0.5,162,-1,-1,3.508,2018-02-05 08:36:14
2018-02-05 08:46:06,-1,79,5333.43,0.5,162,-1,-1,3.527,2018-02-05 08:36:15
2018-02-05 08:46:06,-1,79,5336.96,0.5,162,-1,-1,3.536,2018-02-05 08:36:16
2018-02-05 08:46:06,-1,79,5340.51,0.5,162,-1,-1,3.546,2018-02-05 08:36:17
2018-02-05 08:46:06,-1,79,5344.07,0.5,162,-1,-1,3.564,2018-02-05 08:36:18
2018-02-05 08:46:06,-1,79,5347.64,0.5,161,-1,-1,3.564,2018-02-05 08:36:19
2018-02-05 08:46:06,-1,79,5351.2,0.5,161,-1,-1,3.564,2018-02-05 08:36:20
2018-02-05 08:46:06,-1,79,5354.72,0.5,160,-1,-1,3.518,2018-02-05 08:36:21
2018-02-05 08:46:06,-1,79,5358.17,0.5,159,-1,-1,3.452,2018-02-05 08:36:22
2018-02-05 08:46:06,-1,79,5361.59,0.5,159,-1,-1,3.415,2018-02-05 08:36:23
2018-02-05 08:46:06,-1,79,5365,0.5,159,-1,-1,3.415,2018-02-05 08:36:24
2018-02-05 08:46:06,-1,79,5368.42,0.5,159,-1,-1,3.415,2018-02-05 08:36:25
2018-02-05 08:46:06,-1,80,5371.81,0,159,-1,-1,3.396,2018-02-05 08:36:26
2018-02-05 08:46:06,-1,80,5375.24,0,159,-1,-1,3.424,2018-02-05 08:36:27
2018-02-05 08:46:06,-1,81,5378.7,0,159,-1,-1,3.462,2018-02-05 08:36:28
2018-02-05 08:46:06,-1,81,5382.2,0,159,-1,-1,3.499,2018-02-05 08:36:29
2018-02-05 08:46:06,-1,80,5385.72,0,160,-1,-1,3.527,2018-02-05 08:36:30
2018-02-05 08:46:06,-1,80,5389.34,0,159,-1,-1,3.62,2018-02-05 08:36:31
2018-02-05 08:46:06,-1,80,5393.04,0,159,-1,-1,3.695,2018-02-05 08:36:32
2018-02-05 08:46:06,-1,80,5396.72,0,159,-1,-1,3.686,2018-02-05 08:36:33
2018-02-05 08:46:06,-1,79,5400.34,0.5,160,-1,-1,3.611,2018-02-05 08:36:34
2018-02-05 08:46:06,-1,78,5403.9,0.5,159,-1,-1,3.564,2018-02-05 08:36:35
2018-02-05 08:46:06,-1,78,5407.42,0.5,159,-1,-1,3.518,2018-02-05 08:36:36
2018-02-05 08:46:06,-1,78,5410.91,0.5,159,-1,-1,3.49,2018-02-05 08:36:37
2018-02-05 08:46:06,-1,78,5414.37,0.5,159,-1,-1,3.462,2018-02-05 08:36:38
2018-02-05 08:46:06,-1,78,5417.75,0.5,159,-1,-1,3.378,2018-02-05 08:36:39
2018-02-05 08:46:06,-1,79,5421.1,0.5,159,-1,-1,3.35,2018-02-05 08:36:40
2018-02-05 08:46:06,-1,79,5424.44,0.5,159,-1,-1,3.34,2018-02-05 08:36:41
2018-02-05 08:46:06,-1,79,5427.83,0.5,159,-1,-1,3.387,2018-02-05 08:36:42
2018-02-05 08:46:06,-1,79,5431.21,0.5,159,-1,-1,3.387,2018-02-05 08:36:43
2018-02-05 08:46:06,-1,80,5434.61,0,159,-1,-1,3.396,2018-02-05 08:36:44
2018-02-05 08:46:06,-1,80,5438.02,0,159,-1,-1,3.415,2018-02-05 08:36:45
2018-02-05 08:46:06,-1,80,5441.45,0,158,-1,-1,3.424,2018-02-05 08:36:46
2018-02-05 08:46:06,-1,80,5444.86,0,158,-1,-1,3.415,2018-02-05 08:36:47
2018-02-05 08:46:06,-1,80,5448.3,0,158,-1,-1,3.434,2018-02-05 08:36:48
2018-02-05 08:46:06,-1,80,5451.76,0,159,-1,-1,3.462,2018-02-05 08:36:49
2018-02-05 08:46:06,-1,80,5455.25,0,159,-1,-1,3.49,2018-02-05 08:36:50
2018-02-05 08:46:06,-1,80,5458.72,0,159,-1,-1,3.471,2018-02-05 08:36:51
2018-02-05 08:46:06,-1,80,5462.15,0,159,-1,-1,3.434,2018-02-05 08:36:52
2018-02-05 08:46:06,-1,80,5465.58,0,159,-1,-1,3.424,2018-02-05 08:36:53
2018-02-05 08:46:06,-1,80,5468.99,0,159,-1,-1,3.415,2018-02-05 08:36:54
2018-02-05 08:46:06,-1,80,5472.4,0,159,-1,-1,3.406,2018-02-05 08:36:55
2018-02-05 08:46:06,-1,80,5475.8,0,160,-1,-1,3.406,2018-02-05 08:36:56
2018-02-05 08:46:06,-1,80,5479.24,0,160,-1,-1,3.434,2018-02-05 08:36:57
2018-02-05 08:46:06,-1,80,5482.68,0,160,-1,-1,3.443,2018-02-05 08:36:58
2018-02-05 08:46:06,-1,80,5486.11,0,160,-1,-1,3.434,2018-02-05 08:36:59
2018-02-05 08:46:06,-1,80,5489.52,0,160,-1,-1,3.406,2018-02-05 08:37:00
2018-02-05 08:46:06,-1,80,5492.92,0,160,-1,-1,3.396,2018-02-05 08:37:01
2018-02-05 08:46:06,-1,80,5496.25,0,161,-1,-1,3.331,2018-02-05 08:37:02
2018-02-05 08:46:06,-1,80,5499.58,0,161,-1,-1,3.331,2018-02-05 08:37:03
2018-02-05 08:46:06,-1,80,5502.91,0,161,-1,-1,3.331,2018-02-05 08:37:04
2018-02-05 08:46:06,-1,81,5506.27,0,161,-1,-1,3.359,2018-02-05 08:37:05
2018-02-05 08:46:06,-1,81,5509.64,0,160,-1,-1,3.368,2018-02-05 08:37:06
2018-02-05 08:46:06,-1,80,5512.99,0,161,-1,-1,3.359,2018-02-05 08:37:07
2018-02-05 08:46:06,-1,80,5516.36,0,160,-1,-1,3.359,2018-02-05 08:37:08
2018-02-05 08:46:06,-1,80,5519.71,0,160,-1,-1,3.359,2018-02-05 08:37:09
2018-02-05 08:46:06,-1,79,5523.08,0.5,160,-1,-1,3.359,2018-02-05 08:37:10
2018-02-05 08:46:06,-1,79,5526.42,0.5,159,-1,-1,3.35,2018-02-05 08:37:11
2018-02-05 08:46:06,-1,79,5529.78,0.5,159,-1,-1,3.35,2018-02-05 08:37:12
2018-02-05 08:46:06,-1,79,5533.14,0.5,159,-1,-1,3.368,2018-02-05 08:37:13
2018-02-05 08:46:06,-1,79,5536.53,0.5,159,-1,-1,3.387,2018-02-05 08:37:14
2018-02-05 08:46:06,-1,80,5539.89,0,159,-1,-1,3.359,2018-02-05 08:37:15
2018-02-05 08:46:06,-1,80,5543.21,0,159,-1,-1,3.322,2018-02-05 08:37:16
2018-02-05 08:46:06,-1,80,5546.52,0,159,-1,-1,3.312,2018-02-05 08:37:17
2018-02-05 08:46:06,-1,80,5549.85,0,160,-1,-1,3.322,2018-02-05 08:37:18
2018-02-05 08:46:06,-1,80,5553.17,0,160,-1,-1,3.331,2018-02-05 08:37:19
2018-02-05 08:46:06,-1,80,5556.53,0,160,-1,-1,3.35,2018-02-05 08:37:20
2018-02-05 08:46:06,-1,80,5559.88,0,160,-1,-1,3.359,2018-02-05 08:37:21
2018-02-05 08:46:06,-1,80,5563.24,0,160,-1,-1,3.359,2018-02-05 08:37:22
2018-02-05 08:46:06,-1,79,5566.59,0.5,160,-1,-1,3.35,2018-02-05 08:37:23
2018-02-05 08:46:06,-1,79,5569.93,0.5,160,-1,-1,3.34,2018-02-05 08:37:24
2018-02-05 08:46:06,-1,79,5573.27,0.5,160,-1,-1,3.331,2018-02-05 08:37:25
2018-02-05 08:46:06,-1,79,5576.6,0.5,159,-1,-1,3.34,2018-02-05 08:37:26
2018-02-05 08:46:06,-1,79,5579.95,0.5,160,-1,-1,3.34,2018-02-05 08:37:27
2018-02-05 08:46:06,-1,79,5583.29,0.5,160,-1,-1,3.35,2018-02-05 08:37:28
2018-02-05 08:46:06,-1,79,5586.7,0.5,161,-1,-1,3.406,2018-02-05 08:37:29
2018-02-05 08:46:06,-1,79,5590.11,0.5,161,-1,-1,3.406,2018-02-05 08:37:30
2018-02-05 08:46:06,-1,79,5593.52,0.5,161,-1,-1,3.415,2018-02-05 08:37:31
2018-02-05 08:46:06,-1,79,5596.94,0,162,-1,-1,3.424,2018-02-05 08:37:32
2018-02-05 08:46:06,-1,78,5600.37,0,162,-1,-1,3.424,2018-02-05 08:37:33
2018-02-05 08:46:06,-1,78,5603.78,0,162,-1,-1,3.406,2018-02-05 08:37:34
2018-02-05 08:46:06,-1,79,5607.16,0,162,-1,-1,3.387,2018-02-05 08:37:35
2018-02-05 08:46:06,-1,79,5610.54,0,162,-1,-1,3.378,2018-02-05 08:37:36
2018-02-05 08:46:06,-1,78,5613.92,0.5,163,-1,-1,3.378,2018-02-05 08:37:37
2018-02-05 08:46:06,-1,78,5617.28,0.5,162,-1,-1,3.359,2018-02-05 08:37:38
2018-02-05 08:46:06,-1,78,5620.57,0.5,163,-1,-1,3.294,2018-02-05 08:37:39
2018-02-05 08:46:06,-1,79,5623.78,0.5,162,-1,-1,3.21,2018-02-05 08:37:40
2018-02-05 08:46:06,-1,80,5627.03,0,162,-1,-1,3.256,2018-02-05 08:37:41
2018-02-05 08:46:06,-1,80,5630.31,0,162,-1,-1,3.275,2018-02-05 08:37:42
2018-02-05 08:46:06,-1,80,5633.59,0,162,-1,-1,3.284,2018-02-05 08:37:43
2018-02-05 08:46:06,-1,80,5636.89,0,161,-1,-1,3.294,2018-02-05 08:37:44
2018-02-05 08:46:06,-1,80,5640.19,0,161,-1,-1,3.303,2018-02-05 08:37:45
2018-02-05 08:46:06,-1,80,5643.53,0,161,-1,-1,3.34,2018-02-05 08:37:46
2018-02-05 08:46:06,-1,79,5646.88,0.5,161,-1,-1,3.35,2018-02-05 08:37:47
2018-02-05 08:46:06,-1,79,5650.23,0.5,161,-1,-1,3.35,2018-02-05 08:37:48
2018-02-05 08:46:06,-1,80,5653.56,0,160,-1,-1,3.331,2018-02-05 08:37:49
2018-02-05 08:46:06,-1,80,5656.92,0,160,-1,-1,3.359,2018-02-05 08:37:50
2018-02-05 08:46:06,-1,80,5660.4,0,160,-1,-1,3.48,2018-02-05 08:37:51
2018-02-05 08:46:06,-1,80,5663.98,0,160,-1,-1,3.574,2018-02-05 08:37:52
2018-02-05 08:46:06,-1,80,5667.57,0,160,-1,-1,3.592,2018-02-05 08:37:53
2018-02-05 08:46:06,-1,79,5671.15,0.5,160,-1,-1,3.583,2018-02-05 08:37:54
2018-02-05 08:46:06,-1,79,5674.73,0.5,160,-1,-1,3.574,2018-02-05 08:37:55
2018-02-05 08:46:06,-1,79,5678.29,0.5,160,-1,-1,3.564,2018-02-05 08:37:56
2018-02-05 08:46:06,-1,79,5681.83,0.5,161,-1,-1,3.546,2018-02-05 08:37:57
2018-02-05 08:46:06,-1,79,5685.36,0.5,161,-1,-1,3.527,2018-02-05 08:37:58
2018-02-05 08:46:06,-1,79,5688.86,0.5,161,-1,-1,3.499,2018-02-05 08:37:59
2018-02-05 08:46:06,-1,79,5692.33,0.5,161,-1,-1,3.462,2018-02-05 08:38:00
2018-02-05 08:46:06,-1,79,5695.74,0.5,161,-1,-1,3.415,2018-02-05 08:38:01
2018-02-05 08:46:06,-1,79,5699.11,0,161,-1,-1,3.378,2018-02-05 08:38:02
2018-02-05 08:46:06,-1,79,5702.52,0,160,-1,-1,3.406,2018-02-05 08:38:03
2018-02-05 08:46:06,-1,79,5705.94,0,160,-1,-1,3.415,2018-02-05 08:38:04
2018-02-05 08:46:06,-1,78,5709.35,0.5,160,-1,-1,3.415,2018-02-05 08:38:05
2018-02-05 08:46:06,-1,78,5712.69,0.5,159,-1,-1,3.34,2018-02-05 08:38:06
2018-02-05 08:46:06,-1,78,5716.03,0.5,159,-1,-1,3.34,2018-02-05 08:38:07
2018-02-05 08:46:06,-1,79,5719.35,0.5,158,-1,-1,3.322,2018-02-05 08:38:08
2018-02-05 08:46:06,-1,79,5722.66,0.5,158,-1,-1,3.303,2018-02-05 08:38:09
2018-02-05 08:46:06,-1,79,5725.97,0.5,158,-1,-1,3.312,2018-02-05 08:38:10
2018-02-05 08:46:06,-1,79,5729.26,0.5,158,-1,-1,3.294,2018-02-05 08:38:11
2018-02-05 08:46:06,-1,79,5732.58,0.5,158,-1,-1,3.322,2018-02-05 08:38:12
2018-02-05 08:46:06,-1,79,5735.89,0.5,159,-1,-1,3.303,2018-02-05 08:38:13
2018-02-05 08:46:06,-1,79,5739.19,0.5,159,-1,-1,3.303,2018-02-05 08:38:14
2018-02-05 08:46:06,-1,79,5742.48,0.5,159,-1,-1,3.294,2018-02-05 08:38:15
2018-02-05 08:46:06,-1,80,5745.78,0,159,-1,-1,3.294,2018-02-05 08:38:16
2018-02-05 08:46:06,-1,80,5749.12,0,160,-1,-1,3.34,2018-02-05 08:38:17
2018-02-05 08:46:06,-1,80,5752.5,0,160,-1,-1,3.378,2018-02-05 08:38:18
2018-02-05 08:46:06,-1,80,5755.92,0,160,-1,-1,3.424,2018-02-05 08:38:19
2018-02-05 08:46:06,-1,80,5759.38,0,159,-1,-1,3.452,2018-02-05 08:38:20
2018-02-05 08:46:06,-1,80,5762.82,0,160,-1,-1,3.452,2018-02-05 08:38:21
2018-02-05 08:46:06,-1,80,5766.26,0,159,-1,-1,3.434,2018-02-05 08:38:22
2018-02-05 08:46:06,-1,79,5769.68,0.5,159,-1,-1,3.424,2018-02-05 08:38:23
2018-02-05 08:46:06,-1,79,5773.09,0.5,159,-1,-1,3.406,2018-02-05 08:38:24
2018-02-05 08:46:06,-1,79,5776.47,0.5,158,-1,-1,3.378,2018-02-05 08:38:25
2018-02-05 08:46:06,-1,79,5779.84,0.5,158,-1,-1,3.378,2018-02-05 08:38:26
2018-02-05 08:46:06,-1,79,5783.16,0.5,158,-1,-1,3.312,2018-02-05 08:38:27
2018-02-05 08:46:06,-1,79,5786.47,0.5,158,-1,-1,3.312,2018-02-05 08:38:28
2018-02-05 08:46:06,-1,79,5789.81,0.5,157,-1,-1,3.34,2018-02-05 08:38:29
2018-02-05 08:46:06,-1,79,5793.12,0.5,157,-1,-1,3.312,2018-02-05 08:38:30
2018-02-05 08:46:06,-1,79,5796.43,0.5,157,-1,-1,3.312,2018-02-05 08:38:31
2018-02-05 08:46:06,-1,79,5799.76,0.5,157,-1,-1,3.322,2018-02-05 08:38:32
2018-02-05 08:46:06,-1,79,5803.06,0.5,158,-1,-1,3.303,2018-02-05 08:38:33
2018-02-05 08:46:06,-1,79,5806.33,0.5,159,-1,-1,3.275,2018-02-05 08:38:34
2018-02-05 08:46:06,-1,79,5809.59,0.5,159,-1,-1,3.256,2018-02-05 08:38:35
2018-02-05 08:46:06,-1,80,5812.85,0,159,-1,-1,3.256,2018-02-05 08:38:36
2018-02-05 08:46:06,-1,80,5816.11,0,160,-1,-1,3.266,2018-02-05 08:38:37
2018-02-05 08:46:06,-1,80,5819.39,0,160,-1,-1,3.275,2018-02-05 08:38:38
2018-02-05 08:46:06,-1,80,5822.69,0,160,-1,-1,3.303,2018-02-05 08:38:39
2018-02-05 08:46:06,-1,80,5826.01,0,160,-1,-1,3.322,2018-02-05 08:38:40
2018-02-05 08:46:06,-1,80,5829.31,0,160,-1,-1,3.303,2018-02-05 08:38:41
2018-02-05 08:46:06,-1,80,5832.62,0,160,-1,-1,3.303,2018-02-05 08:38:42
2018-02-05 08:46:06,-1,79,5835.93,0.5,159,-1,-1,3.312,2018-02-05 08:38:43
2018-02-05 08:46:06,-1,79,5839.24,0.5,159,-1,-1,3.312,2018-02-05 08:38:44
2018-02-05 08:46:06,-1,79,5842.56,0.5,159,-1,-1,3.312,2018-02-05 08:38:45
2018-02-05 08:46:06,-1,79,5845.9,0.5,158,-1,-1,3.34,2018-02-05 08:38:46
2018-02-05 08:46:06,-1,79,5849.29,0.5,159,-1,-1,3.396,2018-02-05 08:38:47
2018-02-05 08:46:06,-1,79,5852.73,0.5,158,-1,-1,3.443,2018-02-05 08:38:48
2018-02-05 08:46:06,-1,79,5856.21,0.5,158,-1,-1,3.471,2018-02-05 08:38:49
2018-02-05 08:46:06,-1,79,5859.71,0.5,158,-1,-1,3.508,2018-02-05 08:38:50
2018-02-05 08:46:06,-1,79,5863.24,0.5,158,-1,-1,3.527,2018-02-05 08:38:51
2018-02-05 08:46:06,-1,79,5866.72,0.5,158,-1,-1,3.48,2018-02-05 08:38:52
2018-02-05 08:46:06,-1,79,5870.17,0.5,158,-1,-1,3.452,2018-02-05 08:38:53
2018-02-05 08:46:06,-1,79,5873.58,0.5,158,-1,-1,3.406,2018-02-05 08:38:54
2018-02-05 08:46:06,-1,79,5876.97,0.5,158,-1,-1,3.387,2018-02-05 08:38:55
2018-02-05 08:46:06,-1,79,5880.35,0.5,158,-1,-1,3.387,2018-02-05 08:38:56
2018-02-05 08:46:06,-1,79,5883.75,0.5,158,-1,-1,3.396,2018-02-05 08:38:57
2018-02-05 08:46:06,-1,79,5887.14,0.5,157,-1,-1,3.387,2018-02-05 08:38:58
2018-02-05 08:46:06,-1,79,5890.52,0.5,158,-1,-1,3.387,2018-02-05 08:38:59
2018-02-05 08:46:06,-1,79,5893.9,0.5,158,-1,-1,3.378,2018-02-05 08:39:00
2018-02-05 08:46:06,-1,79,5897.24,0.5,157,-1,-1,3.34,2018-02-05 08:39:01
2018-02-05 08:46:06,-1,78,5900.57,0.5,157,-1,-1,3.331,2018-02-05 08:39:02
2018-02-05 08:46:06,-1,78,5903.91,0.5,158,-1,-1,3.34,2018-02-05 08:39:03
2018-02-05 08:46:06,-1,78,5907.24,0.5,158,-1,-1,3.322,2018-02-05 08:39:04
2018-02-05 08:46:06,-1,78,5910.54,0.5,158,-1,-1,3.303,2018-02-05 08:39:05
2018-02-05 08:46:06,-1,79,5913.8,0.5,159,-1,-1,3.266,2018-02-05 08:39:06
2018-02-05 08:46:06,-1,80,5917.05,0,159,-1,-1,3.247,2018-02-05 08:39:07
2018-02-05 08:46:06,-1,80,5920.32,0,160,-1,-1,3.266,2018-02-05 08:39:08
2018-02-05 08:46:06,-1,81,5923.58,0,160,-1,-1,3.266,2018-02-05 08:39:09
2018-02-05 08:46:06,-1,81,5926.89,0,160,-1,-1,3.303,2018-02-05 08:39:10
2018-02-05 08:46:06,-1,81,5930.31,0,160,-1,-1,3.424,2018-02-05 08:39:11
2018-02-05 08:46:06,-1,79,5933.73,0.5,160,-1,-1,3.424,2018-02-05 08:39:12
2018-02-05 08:46:06,-1,79,5937.15,0.5,160,-1,-1,3.415,2018-02-05 08:39:13
2018-02-05 08:46:06,-1,80,5940.61,0,160,-1,-1,3.452,2018-02-05 08:39:14
2018-02-05 08:46:06,-1,80,5944.05,0,160,-1,-1,3.452,2018-02-05 08:39:15
2018-02-05 08:46:06,-1,79,5947.53,0.5,159,-1,-1,3.471,2018-02-05 08:39:16
2018-02-05 08:46:06,-1,79,5950.97,0.5,159,-1,-1,3.443,2018-02-05 08:39:17
2018-02-05 08:46:06,-1,79,5954.41,0.5,159,-1,-1,3.443,2018-02-05 08:39:18
2018-02-05 08:46:06,-1,79,5957.87,0.5,159,-1,-1,3.462,2018-02-05 08:39:19
2018-02-05 08:46:06,-1,79,5961.33,0.5,158,-1,-1,3.462,2018-02-05 08:39:20
2018-02-05 08:46:06,-1,79,5964.78,0.5,158,-1,-1,3.443,2018-02-05 08:39:21
2018-02-05 08:46:06,-1,80,5968.2,0,158,-1,-1,3.424,2018-02-05 08:39:22
2018-02-05 08:46:06,-1,80,5971.63,0,158,-1,-1,3.424,2018-02-05 08:39:23
2018-02-05 08:46:06,-1,79,5975.06,0.5,158,-1,-1,3.434,2018-02-05 08:39:24
2018-02-05 08:46:06,-1,80,5978.48,0,158,-1,-1,3.424,2018-02-05 08:39:25
2018-02-05 08:46:06,-1,80,5981.91,0,159,-1,-1,3.424,2018-02-05 08:39:26
2018-02-05 08:46:06,-1,80,5985.33,0,159,-1,-1,3.415,2018-02-05 08:39:27
2018-02-05 08:46:06,-1,80,5988.74,0,159,-1,-1,3.415,2018-02-05 08:39:28
2018-02-05 08:46:06,-1,79,5992.14,0.5,159,-1,-1,3.406,2018-02-05 08:39:29
2018-02-05 08:46:06,-1,79,5995.51,0.5,159,-1,-1,3.368,2018-02-05 08:39:30
2018-02-05 08:46:06,-1,79,5998.86,0.5,160,-1,-1,3.35,2018-02-05 08:39:31
2018-02-05 08:46:06,-1,80,6002.2,0,160,-1,-1,3.34,2018-02-05 08:39:32
2018-02-05 08:46:06,-1,80,6005.54,0,160,-1,-1,3.34,2018-02-05 08:39:33
2018-02-05 08:46:06,-1,80,6008.87,0,160,-1,-1,3.331,2018-02-05 08:39:34
2018-02-05 08:46:06,-1,80,6012.21,0,160,-1,-1,3.331,2018-02-05 08:39:35
2018-02-05 08:46:06,-1,80,6015.54,0,160,-1,-1,3.331,2018-02-05 08:39:36
2018-02-05 08:46:06,-1,80,6018.87,0,160,-1,-1,3.331,2018-02-05 08:39:37
2018-02-05 08:46:06,-1,80,6022.17,0,160,-1,-1,3.303,2018-02-05 08:39:38
2018-02-05 08:46:06,-1,80,6025.48,0,160,-1,-1,3.312,2018-02-05 08:39:39
2018-02-05 08:46:06,-1,79,6028.8,0.5,160,-1,-1,3.312,2018-02-05 08:39:40
2018-02-05 08:46:06,-1,79,6032.12,0.5,160,-1,-1,3.322,2018-02-05 08:39:41
2018-02-05 08:46:06,-1,80,6035.45,0,160,-1,-1,3.331,2018-02-05 08:39:42
2018-02-05 08:46:06,-1,80,6038.81,0,161,-1,-1,3.359,2018-02-05 08:39:43
2018-02-05 08:46:06,-1,80,6042.18,0,160,-1,-1,3.378,2018-02-05 08:39:44
2018-02-05 08:46:06,-1,81,6045.56,0,160,-1,-1,3.378,2018-02-05 08:39:45
2018-02-05 08:46:06,-1,81,6048.96,0,161,-1,-1,3.396,2018-02-05 08:39:46
2018-02-05 08:46:06,-1,81,6052.38,0,160,-1,-1,3.424,2018-02-05 08:39:47
2018-02-05 08:46:06,-1,80,6055.85,0,160,-1,-1,3.462,2018-02-05 08:39:48
2018-02-05 08:46:06,-1,80,6059.28,0,159,-1,-1,3.434,2018-02-05 08:39:49
2018-02-05 08:46:06,-1,80,6062.71,0,159,-1,-1,3.434,2018-02-05 08:39:50
2018-02-05 08:46:06,-1,79,6066.18,0.5,159,-1,-1,3.471,2018-02-05 08:39:51
2018-02-05 08:46:06,-1,80,6069.7,0,159,-1,-1,3.508,2018-02-05 08:39:52
2018-02-05 08:46:06,-1,80,6073.23,0,159,-1,-1,3.536,2018-02-05 08:39:53
2018-02-05 08:46:06,-1,80,6076.76,0,158,-1,-1,3.527,2018-02-05 08:39:54
2018-02-05 08:46:06,-1,79,6080.25,0.5,158,-1,-1,3.499,2018-02-05 08:39:55
2018-02-05 08:46:06,-1,78,6083.69,0.5,158,-1,-1,3.434,2018-02-05 08:39:56
2018-02-05 08:46:06,-1,78,6087.05,0.5,159,-1,-1,3.359,2018-02-05 08:39:57
2018-02-05 08:46:06,-1,79,6090.24,0.5,160,-1,-1,3.191,2018-02-05 08:39:58
2018-02-05 08:46:06,-1,79,6093.43,0.5,160,-1,-1,3.191,2018-02-05 08:39:59
2018-02-05 08:46:06,-1,80,6096.63,0,161,-1,-1,3.2,2018-02-05 08:40:00
2018-02-05 08:46:06,-1,81,6100.04,0,161,-1,-1,3.415,2018-02-05 08:40:01
2018-02-05 08:46:06,-1,83,6103.37,0,162,-1,-1,3.322,2018-02-05 08:40:02
2018-02-05 08:46:06,-1,83,6106.75,0,162,-1,-1,3.387,2018-02-05 08:40:03
2018-02-05 08:46:06,-1,82,6110.11,0,162,-1,-1,3.35,2018-02-05 08:40:04
2018-02-05 08:46:06,-1,82,6113.45,0,163,-1,-1,3.35,2018-02-05 08:40:05
2018-02-05 08:46:06,-1,81,6116.98,0,163,-1,-1,3.527,2018-02-05 08:40:06
2018-02-05 08:46:06,-1,80,6120.51,0,163,-1,-1,3.527,2018-02-05 08:40:07
2018-02-05 08:46:06,-1,80,6124.12,0,163,-1,-1,3.611,2018-02-05 08:40:08
2018-02-05 08:46:06,-1,80,6127.74,0,163,-1,-1,3.62,2018-02-05 08:40:09
2018-02-05 08:46:06,-1,80,6131.27,0,163,-1,-1,3.536,2018-02-05 08:40:10
2018-02-05 08:46:06,-1,80,6134.76,0,163,-1,-1,3.49,2018-02-05 08:40:11
2018-02-05 08:46:06,-1,80,6138.25,0,163,-1,-1,3.49,2018-02-05 08:40:12
2018-02-05 08:46:06,-1,80,6141.77,0,163,-1,-1,3.518,2018-02-05 08:40:13
2018-02-05 08:46:06,-1,80,6145.31,0,163,-1,-1,3.536,2018-02-05 08:40:14
2018-02-05 08:46:06,-1,80,6148.85,0,163,-1,-1,3.536,2018-02-05 08:40:15
2018-02-05 08:46:06,-1,79,6152.41,0.5,164,-1,-1,3.564,2018-02-05 08:40:16
2018-02-05 08:46:06,-1,79,6155.97,0.5,164,-1,-1,3.564,2018-02-05 08:40:17
2018-02-05 08:46:06,-1,80,6159.51,0,164,-1,-1,3.536,2018-02-05 08:40:18
2018-02-05 08:46:06,-1,80,6163.03,0,164,-1,-1,3.518,2018-02-05 08:40:19
2018-02-05 08:46:06,-1,80,6166.54,0,164,-1,-1,3.518,2018-02-05 08:40:20
2018-02-05 08:46:06,-1,80,6170.07,0,164,-1,-1,3.527,2018-02-05 08:40:21
2018-02-05 08:46:06,-1,80,6173.6,0,164,-1,-1,3.527,2018-02-05 08:40:22
2018-02-05 08:46:06,-1,80,6177.1,0,164,-1,-1,3.499,2018-02-05 08:40:23
2018-02-05 08:46:06,-1,80,6180.57,0,163,-1,-1,3.471,2018-02-05 08:40:24
2018-02-05 08:46:06,-1,80,6183.99,0,163,-1,-1,3.424,2018-02-05 08:40:25
2018-02-05 08:46:06,-1,81,6187.42,0,163,-1,-1,3.424,2018-02-05 08:40:26
2018-02-05 08:46:06,-1,81,6190.85,0,163,-1,-1,3.434,2018-02-05 08:40:27
2018-02-05 08:46:06,-1,80,6194.3,0,163,-1,-1,3.452,2018-02-05 08:40:28
2018-02-05 08:46:06,-1,80,6197.76,0,163,-1,-1,3.462,2018-02-05 08:40:29
2018-02-05 08:46:06,-1,80,6201.21,0,164,-1,-1,3.443,2018-02-05 08:40:30
2018-02-05 08:46:06,-1,79,6204.65,0.5,164,-1,-1,3.443,2018-02-05 08:40:31
2018-02-05 08:46:06,-1,79,6208.08,0.5,164,-1,-1,3.424,2018-02-05 08:40:32
2018-02-05 08:46:06,-1,79,6211.44,0.5,164,-1,-1,3.368,2018-02-05 08:40:33
2018-02-05 08:46:06,-1,80,6214.78,0,163,-1,-1,3.331,2018-02-05 08:40:34
2018-02-05 08:46:06,-1,80,6218.08,0,163,-1,-1,3.303,2018-02-05 08:40:35
2018-02-05 08:46:06,-1,80,6221.37,0,163,-1,-1,3.284,2018-02-05 08:40:36
2018-02-05 08:46:06,-1,80,6224.67,0,163,-1,-1,3.312,2018-02-05 08:40:37
2018-02-05 08:46:06,-1,80,6228,0,163,-1,-1,3.322,2018-02-05 08:40:38
2018-02-05 08:46:06,-1,80,6231.33,0,163,-1,-1,3.331,2018-02-05 08:40:39
2018-02-05 08:46:06,-1,80,6234.67,0,162,-1,-1,3.34,2018-02-05 08:40:40
2018-02-05 08:46:06,-1,80,6238.05,0,163,-1,-1,3.378,2018-02-05 08:40:41
2018-02-05 08:46:06,-1,80,6241.46,0,163,-1,-1,3.415,2018-02-05 08:40:42
2018-02-05 08:46:06,-1,80,6244.93,0,163,-1,-1,3.471,2018-02-05 08:40:43
2018-02-05 08:46:06,-1,79,6248.47,0.5,163,-1,-1,3.536,2018-02-05 08:40:44
2018-02-05 08:46:06,-1,79,6252.03,0.5,163,-1,-1,3.564,2018-02-05 08:40:45
2018-02-05 08:46:06,-1,79,6255.61,0.5,163,-1,-1,3.574,2018-02-05 08:40:46
2018-02-05 08:46:06,-1,79,6259.17,0.5,163,-1,-1,3.564,2018-02-05 08:40:47
2018-02-05 08:46:06,-1,79,6262.71,0.5,162,-1,-1,3.536,2018-02-05 08:40:48
2018-02-05 08:46:06,-1,79,6266.2,0.5,163,-1,-1,3.49,2018-02-05 08:40:49
2018-02-05 08:46:06,-1,79,6269.64,0.5,163,-1,-1,3.443,2018-02-05 08:40:50
2018-02-05 08:46:06,-1,79,6273.05,0.5,163,-1,-1,3.406,2018-02-05 08:40:51
2018-02-05 08:46:06,-1,79,6276.42,0.5,162,-1,-1,3.378,2018-02-05 08:40:52
2018-02-05 08:46:06,-1,79,6279.74,0.5,162,-1,-1,3.322,2018-02-05 08:40:53
2018-02-05 08:46:06,-1,79,6283.04,0.5,162,-1,-1,3.294,2018-02-05 08:40:54
2018-02-05 08:46:06,-1,79,6286.33,0.5,162,-1,-1,3.294,2018-02-05 08:40:55
2018-02-05 08:46:06,-1,79,6289.64,0.5,161,-1,-1,3.303,2018-02-05 08:40:56
2018-02-05 08:46:06,-1,79,6292.91,0.5,161,-1,-1,3.275,2018-02-05 08:40:57
2018-02-05 08:46:06,-1,80,6296.19,0,161,-1,-1,3.275,2018-02-05 08:40:58
2018-02-05 08:46:06,-1,80,6299.4,0,161,-1,-1,3.21,2018-02-05 08:40:59
2018-02-05 08:46:06,-1,80,6302.6,0,161,-1,-1,3.21,2018-02-05 08:41:00
2018-02-05 08:46:06,-1,80,6305.86,0,160,-1,-1,3.256,2018-02-05 08:41:01
2018-02-05 08:46:06,-1,80,6309.13,0,161,-1,-1,3.266,2018-02-05 08:41:02
2018-02-05 08:46:06,-1,80,6312.41,0,160,-1,-1,3.284,2018-02-05 08:41:03
2018-02-05 08:46:06,-1,80,6315.7,0,160,-1,-1,3.284,2018-02-05 08:41:04
2018-02-05 08:46:06,-1,79,6318.99,0.5,160,-1,-1,3.294,2018-02-05 08:41:05
2018-02-05 08:46:06,-1,79,6322.31,0.5,160,-1,-1,3.312,2018-02-05 08:41:06
2018-02-05 08:46:06,-1,79,6325.63,0.5,161,-1,-1,3.331,2018-02-05 08:41:07
2018-02-05 08:46:06,-1,79,6329.04,0.5,161,-1,-1,3.406,2018-02-05 08:41:08
2018-02-05 08:46:06,-1,79,6332.43,0.5,161,-1,-1,3.387,2018-02-05 08:41:09
2018-02-05 08:46:06,-1,79,6335.79,0.5,161,-1,-1,3.368,2018-02-05 08:41:10
2018-02-05 08:46:06,-1,79,6339.16,0.5,161,-1,-1,3.368,2018-02-05 08:41:11
2018-02-05 08:46:06,-1,79,6342.52,0.5,161,-1,-1,3.359,2018-02-05 08:41:12
2018-02-05 08:46:06,-1,79,6345.88,0.5,162,-1,-1,3.359,2018-02-05 08:41:13
2018-02-05 08:46:06,-1,79,6349.28,0.5,162,-1,-1,3.396,2018-02-05 08:41:14
2018-02-05 08:46:06,-1,79,6352.67,0.5,162,-1,-1,3.396,2018-02-05 08:41:15
2018-02-05 08:46:06,-1,78,6356.06,0.5,162,-1,-1,3.387,2018-02-05 08:41:16
2018-02-05 08:46:06,-1,78,6359.4,0.5,162,-1,-1,3.34,2018-02-05 08:41:17
2018-02-05 08:46:06,-1,78,6362.71,0.5,162,-1,-1,3.303,2018-02-05 08:41:18
2018-02-05 08:46:06,-1,79,6365.97,0.5,162,-1,-1,3.266,2018-02-05 08:41:19
2018-02-05 08:46:06,-1,79,6369.24,0.5,162,-1,-1,3.266,2018-02-05 08:41:20
2018-02-05 08:46:06,-1,80,6372.51,0,162,-1,-1,3.275,2018-02-05 08:41:21
2018-02-05 08:46:06,-1,81,6375.81,0,161,-1,-1,3.294,2018-02-05 08:41:22
2018-02-05 08:46:06,-1,81,6379.12,0,161,-1,-1,3.312,2018-02-05 08:41:23
2018-02-05 08:46:06,-1,80,6382.45,0,161,-1,-1,3.331,2018-02-05 08:41:24
2018-02-05 08:46:06,-1,80,6385.77,0,161,-1,-1,3.322,2018-02-05 08:41:25
2018-02-05 08:46:06,-1,79,6389.11,0.5,161,-1,-1,3.34,2018-02-05 08:41:26
2018-02-05 08:46:06,-1,79,6392.45,0.5,161,-1,-1,3.34,2018-02-05 08:41:27
2018-02-05 08:46:06,-1,79,6395.79,0.5,160,-1,-1,3.34,2018-02-05 08:41:28
2018-02-05 08:46:06,-1,79,6399.12,0.5,160,-1,-1,3.331,2018-02-05 08:41:29
2018-02-05 08:46:06,-1,79,6402.46,0.5,161,-1,-1,3.34,2018-02-05 08:41:30
2018-02-05 08:46:06,-1,79,6405.73,0.5,160,-1,-1,3.266,2018-02-05 08:41:31
2018-02-05 08:46:06,-1,79,6408.99,0.5,160,-1,-1,3.266,2018-02-05 08:41:32
2018-02-05 08:46:06,-1,79,6412.3,0.5,161,-1,-1,3.303,2018-02-05 08:41:33
2018-02-05 08:46:06,-1,80,6415.58,0,161,-1,-1,3.284,2018-02-05 08:41:34
2018-02-05 08:46:06,-1,80,6418.87,0,161,-1,-1,3.294,2018-02-05 08:41:35
2018-02-05 08:46:06,-1,80,6422.18,0,161,-1,-1,3.303,2018-02-05 08:41:36
2018-02-05 08:46:06,-1,80,6425.49,0,161,-1,-1,3.312,2018-02-05 08:41:37
2018-02-05 08:46:06,-1,80,6428.83,0,161,-1,-1,3.34,2018-02-05 08:41:38
2018-02-05 08:46:06,-1,80,6432.21,0,162,-1,-1,3.378,2018-02-05 08:41:39
2018-02-05 08:46:06,-1,80,6435.59,0,162,-1,-1,3.378,2018-02-05 08:41:40
2018-02-05 08:46:06,-1,80,6438.98,0,162,-1,-1,3.396,2018-02-05 08:41:41
2018-02-05 08:46:06,-1,79,6442.41,0.5,162,-1,-1,3.424,2018-02-05 08:41:42
2018-02-05 08:46:06,-1,79,6445.78,0.5,162,-1,-1,3.378,2018-02-05 08:41:43
2018-02-05 08:46:06,-1,78,6449.18,0.5,162,-1,-1,3.396,2018-02-05 08:41:44
2018-02-05 08:46:06,-1,78,6452.58,0.5,161,-1,-1,3.396,2018-02-05 08:41:45
2018-02-05 08:46:06,-1,78,6455.95,0.5,162,-1,-1,3.368,2018-02-05 08:41:46
2018-02-05 08:46:06,-1,79,6459.31,0.5,161,-1,-1,3.368,2018-02-05 08:41:47
2018-02-05 08:46:06,-1,79,6462.68,0.5,161,-1,-1,3.368,2018-02-05 08:41:48
2018-02-05 08:46:06,-1,79,6466.03,0.5,161,-1,-1,3.35,2018-02-05 08:41:49
2018-02-05 08:46:06,-1,79,6469.38,0.5,161,-1,-1,3.35,2018-02-05 08:41:50
2018-02-05 08:46:06,-1,79,6472.72,0.5,161,-1,-1,3.34,2018-02-05 08:41:51
2018-02-05 08:46:06,-1,79,6476.06,0.5,161,-1,-1,3.34,2018-02-05 08:41:52
2018-02-05 08:46:06,-1,79,6479.42,0.5,161,-1,-1,3.359,2018-02-05 08:41:53
2018-02-05 08:46:06,-1,79,6482.79,0.5,161,-1,-1,3.368,2018-02-05 08:41:54
2018-02-05 08:46:06,-1,79,6486.15,0.5,160,-1,-1,3.359,2018-02-05 08:41:55
2018-02-05 08:46:06,-1,79,6489.52,0.5,161,-1,-1,3.368,2018-02-05 08:41:56
2018-02-05 08:46:06,-1,80,6492.88,0,161,-1,-1,3.359,2018-02-05 08:41:57
2018-02-05 08:46:06,-1,80,6496.24,0,161,-1,-1,3.359,2018-02-05 08:41:58
2018-02-05 08:46:06,-1,79,6499.59,0.5,161,-1,-1,3.359,2018-02-05 08:41:59
2018-02-05 08:46:06,-1,78,6502.95,0.5,161,-1,-1,3.359,2018-02-05 08:42:00
2018-02-05 08:46:06,-1,79,6506.31,0.5,162,-1,-1,3.359,2018-02-05 08:42:01
2018-02-05 08:46:06,-1,79,6509.67,0.5,162,-1,-1,3.359,2018-02-05 08:42:02
2018-02-05 08:46:06,-1,79,6513.05,0.5,162,-1,-1,3.378,2018-02-05 08:42:03
2018-02-05 08:46:06,-1,79,6516.43,0.5,162,-1,-1,3.378,2018-02-05 08:42:04
2018-02-05 08:46:06,-1,79,6519.8,0.5,163,-1,-1,3.378,2018-02-05 08:42:05
2018-02-05 08:46:06,-1,80,6523.23,0,162,-1,-1,3.424,2018-02-05 08:42:06
2018-02-05 08:46:06,-1,80,6526.65,0,162,-1,-1,3.424,2018-02-05 08:42:07
2018-02-05 08:46:06,-1,80,6530.11,0,162,-1,-1,3.452,2018-02-05 08:42:08
2018-02-05 08:46:06,-1,80,6533.57,0,161,-1,-1,3.462,2018-02-05 08:42:09
2018-02-05 08:46:06,-1,80,6537.01,0,162,-1,-1,3.443,2018-02-05 08:42:10
2018-02-05 08:46:06,-1,80,6540.45,0,161,-1,-1,3.443,2018-02-05 08:42:11
2018-02-05 08:46:06,-1,79,6543.86,0.5,161,-1,-1,3.406,2018-02-05 08:42:12
2018-02-05 08:46:06,-1,79,6547.26,0.5,161,-1,-1,3.406,2018-02-05 08:42:13
2018-02-05 08:46:06,-1,79,6550.65,0.5,160,-1,-1,3.387,2018-02-05 08:42:14
2018-02-05 08:46:06,-1,79,6554.04,0.5,160,-1,-1,3.387,2018-02-05 08:42:15
2018-02-05 08:46:06,-1,80,6557.41,0,160,-1,-1,3.368,2018-02-05 08:42:16
2018-02-05 08:46:06,-1,80,6560.78,0,159,-1,-1,3.368,2018-02-05 08:42:17
2018-02-05 08:46:06,-1,80,6564.01,0,159,-1,-1,3.238,2018-02-05 08:42:18
2018-02-05 08:46:06,-1,80,6567.36,0,158,-1,-1,3.35,2018-02-05 08:42:19
2018-02-05 08:46:06,-1,80,6570.71,0,158,-1,-1,3.35,2018-02-05 08:42:20
2018-02-05 08:46:06,-1,80,6574,0,159,-1,-1,3.284,2018-02-05 08:42:21
2018-02-05 08:46:06,-1,80,6577.25,0,159,-1,-1,3.256,2018-02-05 08:42:22
2018-02-05 08:46:06,-1,81,6580.53,0,158,-1,-1,3.275,2018-02-05 08:42:23
2018-02-05 08:46:06,-1,81,6583.83,0,159,-1,-1,3.303,2018-02-05 08:42:24
2018-02-05 08:46:06,-1,81,6587.13,0,159,-1,-1,3.303,2018-02-05 08:42:25
2018-02-05 08:46:06,-1,81,6590.45,0,159,-1,-1,3.312,2018-02-05 08:42:26
2018-02-05 08:46:06,-1,81,6593.76,0,159,-1,-1,3.312,2018-02-05 08:42:27
2018-02-05 08:46:06,-1,80,6597.07,0,159,-1,-1,3.312,2018-02-05 08:42:28
2018-02-05 08:46:06,-1,80,6600.39,0,158,-1,-1,3.312,2018-02-05 08:42:29
2018-02-05 08:46:06,-1,79,6603.68,0.5,157,-1,-1,3.294,2018-02-05 08:42:30
2018-02-05 08:46:06,-1,79,6606.99,0.5,156,-1,-1,3.312,2018-02-05 08:42:31
2018-02-05 08:46:06,-1,79,6610.3,0.5,156,-1,-1,3.312,2018-02-05 08:42:32
2018-02-05 08:46:06,-1,78,6613.62,0.5,156,-1,-1,3.312,2018-02-05 08:42:33
2018-02-05 08:46:06,-1,79,6616.94,0.5,156,-1,-1,3.322,2018-02-05 08:42:34
2018-02-05 08:46:06,-1,79,6620.26,0.5,156,-1,-1,3.322,2018-02-05 08:42:35
2018-02-05 08:46:06,-1,79,6623.58,0.5,157,-1,-1,3.322,2018-02-05 08:42:36
2018-02-05 08:46:06,-1,79,6626.92,0.5,157,-1,-1,3.34,2018-02-05 08:42:37
2018-02-05 08:46:06,-1,79,6630.31,0.5,158,-1,-1,3.387,2018-02-05 08:42:38
2018-02-05 08:46:06,-1,80,6633.6,0,158,-1,-1,3.284,2018-02-05 08:42:39
2018-02-05 08:46:06,-1,80,6636.88,0,159,-1,-1,3.284,2018-02-05 08:42:40
2018-02-05 08:46:06,-1,80,6640.19,0,159,-1,-1,3.312,2018-02-05 08:42:41
2018-02-05 08:46:06,-1,80,6643.51,0,160,-1,-1,3.322,2018-02-05 08:42:42
2018-02-05 08:46:06,-1,80,6646.82,0,160,-1,-1,3.312,2018-02-05 08:42:43
2018-02-05 08:46:06,-1,79,6650.14,0.5,161,-1,-1,3.312,2018-02-05 08:42:44
2018-02-05 08:46:06,-1,79,6653.42,0.5,161,-1,-1,3.284,2018-02-05 08:42:45
2018-02-05 08:46:06,-1,79,6656.74,0.5,161,-1,-1,3.322,2018-02-05 08:42:46
2018-02-05 08:46:06,-1,79,6660.07,0.5,161,-1,-1,3.331,2018-02-05 08:42:47
2018-02-05 08:46:06,-1,79,6663.39,0.5,161,-1,-1,3.322,2018-02-05 08:42:48
2018-02-05 08:46:06,-1,79,6666.82,0.5,161,-1,-1,3.424,2018-02-05 08:42:49
2018-02-05 08:46:06,-1,79,6670.25,0.5,162,-1,-1,3.434,2018-02-05 08:42:50
2018-02-05 08:46:06,-1,79,6673.7,0.5,162,-1,-1,3.443,2018-02-05 08:42:51
2018-02-05 08:46:06,-1,79,6677.18,0.5,162,-1,-1,3.48,2018-02-05 08:42:52
2018-02-05 08:46:06,-1,79,6680.72,0.5,162,-1,-1,3.546,2018-02-05 08:42:53
2018-02-05 08:46:06,-1,79,6684.29,0.5,163,-1,-1,3.574,2018-02-05 08:42:54
2018-02-05 08:46:06,-1,78,6687.86,0.5,163,-1,-1,3.564,2018-02-05 08:42:55
2018-02-05 08:46:06,-1,78,6691.37,0.5,163,-1,-1,3.508,2018-02-05 08:42:56
2018-02-05 08:46:06,-1,78,6694.86,0.5,163,-1,-1,3.49,2018-02-05 08:42:57
2018-02-05 08:46:06,-1,78,6698.35,0.5,163,-1,-1,3.49,2018-02-05 08:42:58
2018-02-05 08:46:06,-1,78,6701.86,0.5,163,-1,-1,3.508,2018-02-05 08:42:59
2018-02-05 08:46:06,-1,78,6705.36,0.5,163,-1,-1,3.508,2018-02-05 08:43:00
2018-02-05 08:46:06,-1,78,6708.88,0.5,163,-1,-1,3.508,2018-02-05 08:43:01
2018-02-05 08:46:06,-1,79,6712.42,0.5,163,-1,-1,3.546,2018-02-05 08:43:02
2018-02-05 08:46:06,-1,79,6715.96,0.5,163,-1,-1,3.546,2018-02-05 08:43:03
2018-02-05 08:46:06,-1,79,6719.53,0.5,163,-1,-1,3.564,2018-02-05 08:43:04
2018-02-05 08:46:06,-1,80,6723.18,0,164,-1,-1,3.648,2018-02-05 08:43:05
2018-02-05 08:46:06,-1,80,6726.89,0,164,-1,-1,3.714,2018-02-05 08:43:06
2018-02-05 08:46:06,-1,80,6730.58,0,164,-1,-1,3.695,2018-02-05 08:43:07
2018-02-05 08:46:06,-1,79,6734.23,0.5,164,-1,-1,3.648,2018-02-05 08:43:08
2018-02-05 08:46:06,-1,78,6737.83,0.5,164,-1,-1,3.592,2018-02-05 08:43:09
2018-02-05 08:46:06,-1,79,6741.35,0.5,164,-1,-1,3.527,2018-02-05 08:43:10
2018-02-05 08:46:06,-1,79,6744.89,0.5,164,-1,-1,3.536,2018-02-05 08:43:11
2018-02-05 08:46:06,-1,80,6748.43,0,164,-1,-1,3.546,2018-02-05 08:43:12
2018-02-05 08:46:06,-1,80,6752,0,163,-1,-1,3.564,2018-02-05 08:43:13
2018-02-05 08:46:06,-1,80,6755.6,0,164,-1,-1,3.602,2018-02-05 08:43:14
2018-02-05 08:46:06,-1,80,6759.23,0,164,-1,-1,3.63,2018-02-05 08:43:15
2018-02-05 08:46:06,-1,80,6762.84,0,164,-1,-1,3.602,2018-02-05 08:43:16
2018-02-05 08:46:06,-1,80,6766.42,0,165,-1,-1,3.592,2018-02-05 08:43:17
2018-02-05 08:46:06,-1,80,6770.01,0,165,-1,-1,3.583,2018-02-05 08:43:18
2018-02-05 08:46:06,-1,80,6773.58,0,165,-1,-1,3.574,2018-02-05 08:43:19
2018-02-05 08:46:06,-1,80,6777.12,0,165,-1,-1,3.536,2018-02-05 08:43:20
2018-02-05 08:46:06,-1,79,6780.65,0.5,165,-1,-1,3.527,2018-02-05 08:43:21
2018-02-05 08:46:06,-1,79,6784.18,0.5,164,-1,-1,3.536,2018-02-05 08:43:22
2018-02-05 08:46:06,-1,79,6787.73,0.5,164,-1,-1,3.546,2018-02-05 08:43:23
2018-02-05 08:46:06,-1,80,6791.24,0,164,-1,-1,3.518,2018-02-05 08:43:24
2018-02-05 08:46:06,-1,80,6794.73,0,164,-1,-1,3.49,2018-02-05 08:43:25
2018-02-05 08:46:06,-1,80,6798.24,0,164,-1,-1,3.508,2018-02-05 08:43:26
2018-02-05 08:46:06,-1,80,6801.82,0,164,-1,-1,3.574,2018-02-05 08:43:27
2018-02-05 08:46:06,-1,80,6805.45,0,164,-1,-1,3.639,2018-02-05 08:43:28
2018-02-05 08:46:06,-1,80,6809.1,0,164,-1,-1,3.648,2018-02-05 08:43:29
2018-02-05 08:46:06,-1,79,6812.67,0.5,165,-1,-1,3.564,2018-02-05 08:43:30
2018-02-05 08:46:06,-1,79,6816.14,0.5,165,-1,-1,3.471,2018-02-05 08:43:31
2018-02-05 08:46:06,-1,81,6819.52,0,164,-1,-1,3.387,2018-02-05 08:43:32
2018-02-05 08:46:06,-1,81,6822.96,0,164,-1,-1,3.434,2018-02-05 08:43:33
2018-02-05 08:46:06,-1,81,6826.37,0,164,-1,-1,3.415,2018-02-05 08:43:34
2018-02-05 08:46:06,-1,81,6829.75,0,165,-1,-1,3.378,2018-02-05 08:43:35
2018-02-05 08:46:06,-1,81,6833.09,0,165,-1,-1,3.34,2018-02-05 08:43:36
2018-02-05 08:46:06,-1,78,6836.48,0.5,164,-1,-1,3.387,2018-02-05 08:43:37
2018-02-05 08:46:06,-1,78,6839.78,0,165,-1,-1,3.303,2018-02-05 08:43:38
2018-02-05 08:46:06,-1,78,6843.07,0,164,-1,-1,3.284,2018-02-05 08:43:39
2018-02-05 08:46:06,-1,78,6846.35,0,164,-1,-1,3.284,2018-02-05 08:43:40
2018-02-05 08:46:06,-1,79,6849.64,0,164,-1,-1,3.284,2018-02-05 08:43:41
2018-02-05 08:46:06,-1,79,6852.93,0,163,-1,-1,3.294,2018-02-05 08:43:42
2018-02-05 08:46:06,-1,79,6856.24,0,163,-1,-1,3.303,2018-02-05 08:43:43
2018-02-05 08:46:06,-1,79,6859.53,0,163,-1,-1,3.303,2018-02-05 08:43:44
2018-02-05 08:46:06,-1,79,6862.88,0.5,163,-1,-1,3.34,2018-02-05 08:43:45
2018-02-05 08:46:06,-1,79,6866.22,0.5,163,-1,-1,3.34,2018-02-05 08:43:46
2018-02-05 08:46:06,-1,78,6869.58,0.5,162,-1,-1,3.368,2018-02-05 08:43:47
2018-02-05 08:46:06,-1,78,6872.95,0.5,163,-1,-1,3.368,2018-02-05 08:43:48
2018-02-05 08:46:06,-1,78,6876.31,0.5,163,-1,-1,3.359,2018-02-05 08:43:49
2018-02-05 08:46:06,-1,78,6879.62,0.5,163,-1,-1,3.312,2018-02-05 08:43:50
2018-02-05 08:46:06,-1,79,6882.93,0.5,163,-1,-1,3.303,2018-02-05 08:43:51
2018-02-05 08:46:06,-1,79,6886.25,0.5,163,-1,-1,3.322,2018-02-05 08:43:52
2018-02-05 08:46:06,-1,79,6889.62,0.5,163,-1,-1,3.368,2018-02-05 08:43:53
2018-02-05 08:46:06,-1,79,6893.01,0.5,163,-1,-1,3.396,2018-02-05 08:43:54
2018-02-05 08:46:06,-1,79,6896.42,0.5,163,-1,-1,3.406,2018-02-05 08:43:55
2018-02-05 08:46:06,-1,79,6899.82,0.5,162,-1,-1,3.406,2018-02-05 08:43:56
2018-02-05 08:46:06,-1,79,6903.24,0.5,163,-1,-1,3.415,2018-02-05 08:43:57
2018-02-05 08:46:06,-1,79,6906.67,0.5,163,-1,-1,3.434,2018-02-05 08:43:58
2018-02-05 08:46:06,-1,79,6910.14,0.5,163,-1,-1,3.471,2018-02-05 08:43:59
2018-02-05 08:46:06,-1,79,6913.62,0.5,163,-1,-1,3.48,2018-02-05 08:44:00
2018-02-05 08:46:06,-1,79,6917.08,0.5,163,-1,-1,3.452,2018-02-05 08:44:01
2018-02-05 08:46:06,-1,79,6920.51,0.5,163,-1,-1,3.434,2018-02-05 08:44:02
2018-02-05 08:46:06,-1,79,6923.86,0.5,164,-1,-1,3.35,2018-02-05 08:44:03
2018-02-05 08:46:06,-1,80,6927.21,0,164,-1,-1,3.35,2018-02-05 08:44:04
2018-02-05 08:46:06,-1,81,6930.66,0,164,-1,-1,3.452,2018-02-05 08:44:05
2018-02-05 08:46:06,-1,81,6934.05,0,164,-1,-1,3.387,2018-02-05 08:44:06
2018-02-05 08:46:06,-1,80,6937.44,0,164,-1,-1,3.387,2018-02-05 08:44:07
2018-02-05 08:46:06,-1,80,6940.81,0,164,-1,-1,3.378,2018-02-05 08:44:08
2018-02-05 08:46:06,-1,80,6944.18,0,164,-1,-1,3.368,2018-02-05 08:44:09
2018-02-05 08:46:06,-1,79,6947.54,0.5,164,-1,-1,3.359,2018-02-05 08:44:10
2018-02-05 08:46:06,-1,79,6950.85,0.5,163,-1,-1,3.312,2018-02-05 08:44:11
2018-02-05 08:46:06,-1,79,6954.16,0.5,163,-1,-1,3.303,2018-02-05 08:44:12
2018-02-05 08:46:06,-1,79,6957.46,0.5,163,-1,-1,3.303,2018-02-05 08:44:13
2018-02-05 08:46:06,-1,79,6960.81,0.5,163,-1,-1,3.35,2018-02-05 08:44:14
2018-02-05 08:46:06,-1,79,6964.18,0.5,164,-1,-1,3.368,2018-02-05 08:44:15
2018-02-05 08:46:06,-1,79,6967.54,0.5,164,-1,-1,3.359,2018-02-05 08:44:16
2018-02-05 08:46:06,-1,79,6970.91,0.5,164,-1,-1,3.368,2018-02-05 08:44:17
2018-02-05 08:46:06,-1,80,6974.27,0,164,-1,-1,3.368,2018-02-05 08:44:18
2018-02-05 08:46:06,-1,79,6977.67,0.5,164,-1,-1,3.396,2018-02-05 08:44:19
2018-02-05 08:46:06,-1,79,6981.06,0.5,164,-1,-1,3.387,2018-02-05 08:44:20
2018-02-05 08:46:06,-1,79,6984.43,0.5,164,-1,-1,3.368,2018-02-05 08:44:21
2018-02-05 08:46:06,-1,79,6987.85,0.5,164,-1,-1,3.424,2018-02-05 08:44:22
2018-02-05 08:46:06,-1,79,6991.34,0.5,163,-1,-1,3.49,2018-02-05 08:44:23
2018-02-05 08:46:06,-1,80,6994.87,0,164,-1,-1,3.527,2018-02-05 08:44:24
2018-02-05 08:46:06,-1,80,6998.38,0,164,-1,-1,3.508,2018-02-05 08:44:25
2018-02-05 08:46:06,-1,79,7001.86,0.5,164,-1,-1,3.48,2018-02-05 08:44:26
2018-02-05 08:46:06,-1,79,7005.32,0.5,164,-1,-1,3.462,2018-02-05 08:44:27
2018-02-05 08:46:06,-1,79,7008.75,0.5,164,-1,-1,3.434,2018-02-05 08:44:28
2018-02-05 08:46:06,-1,79,7012.16,0.5,164,-1,-1,3.406,2018-02-05 08:44:29
2018-02-05 08:46:06,-1,79,7015.56,0.5,164,-1,-1,3.406,2018-02-05 08:44:30
2018-02-05 08:46:06,-1,79,7018.93,0.5,165,-1,-1,3.368,2018-02-05 08:44:31
2018-02-05 08:46:06,-1,79,7022.18,0.5,164,-1,-1,3.247,2018-02-05 08:44:32
2018-02-05 08:46:06,-1,79,7025.34,0.5,164,-1,-1,3.163,2018-02-05 08:44:33
2018-02-05 08:46:06,-1,80,7028.57,0,164,-1,-1,3.228,2018-02-05 08:44:34
2018-02-05 08:46:06,-1,80,7031.8,0,164,-1,-1,3.228,2018-02-05 08:44:35
2018-02-05 08:46:06,-1,80,7035.07,0,163,-1,-1,3.266,2018-02-05 08:44:36
2018-02-05 08:46:06,-1,80,7038.34,0,163,-1,-1,3.275,2018-02-05 08:44:37
2018-02-05 08:46:06,-1,80,7041.63,0,163,-1,-1,3.294,2018-02-05 08:44:38
2018-02-05 08:46:06,-1,80,7044.94,0,163,-1,-1,3.303,2018-02-05 08:44:39
2018-02-05 08:46:06,-1,80,7048.26,0,163,-1,-1,3.322,2018-02-05 08:44:40
2018-02-05 08:46:06,-1,80,7051.6,0,163,-1,-1,3.34,2018-02-05 08:44:41
2018-02-05 08:46:06,-1,79,7054.97,0.5,163,-1,-1,3.368,2018-02-05 08:44:42
2018-02-05 08:46:06,-1,79,7058.4,0.5,163,-1,-1,3.434,2018-02-05 08:44:43
2018-02-05 08:46:06,-1,79,7061.87,0.5,163,-1,-1,3.471,2018-02-05 08:44:44
2018-02-05 08:46:06,-1,79,7065.33,0.5,164,-1,-1,3.462,2018-02-05 08:44:45
2018-02-05 08:46:06,-1,79,7068.76,0.5,164,-1,-1,3.424,2018-02-05 08:44:46
2018-02-05 08:46:06,-1,79,7072.16,0.5,163,-1,-1,3.406,2018-02-05 08:44:47
2018-02-05 08:46:06,-1,80,7075.57,0,163,-1,-1,3.406,2018-02-05 08:44:48
2018-02-05 08:46:06,-1,80,7078.98,0,163,-1,-1,3.415,2018-02-05 08:44:49
2018-02-05 08:46:06,-1,80,7082.41,0,163,-1,-1,3.424,2018-02-05 08:44:50
2018-02-05 08:46:06,-1,79,7085.87,0.5,163,-1,-1,3.462,2018-02-05 08:44:51
2018-02-05 08:46:06,-1,79,7089.41,0.5,163,-1,-1,3.536,2018-02-05 08:44:52
2018-02-05 08:46:06,-1,80,7093.06,0,163,-1,-1,3.648,2018-02-05 08:44:53
2018-02-05 08:46:06,-1,80,7096.71,0,162,-1,-1,3.658,2018-02-05 08:44:54
2018-02-05 08:46:06,-1,81,7100.38,0,162,-1,-1,3.667,2018-02-05 08:44:55
2018-02-05 08:46:06,-1,80,7104.14,0,162,-1,-1,3.76,2018-02-05 08:44:56
2018-02-05 08:46:06,-1,81,7107.88,0,162,-1,-1,3.742,2018-02-05 08:44:57
2018-02-05 08:46:06,-1,81,7111.61,0,163,-1,-1,3.732,2018-02-05 08:44:58
2018-02-05 08:46:06,-1,82,7115.33,0,162,-1,-1,3.714,2018-02-05 08:44:59
2018-02-05 08:46:06,-1,82,7119.03,0,163,-1,-1,3.704,2018-02-05 08:45:00
2018-02-05 08:46:06,-1,80,7122.71,0,163,-1,-1,3.676,2018-02-05 08:45:01
2018-02-05 08:46:06,-1,80,7126.27,0,163,-1,-1,3.564,2018-02-05 08:45:02
2018-02-05 08:46:06,-1,80,7129.67,0,163,-1,-1,3.396,2018-02-05 08:45:03
2018-02-05 08:46:06,-1,80,7132.92,0,164,-1,-1,3.256,2018-02-05 08:45:04
2018-02-05 08:46:06,-1,81,7136.25,0,163,-1,-1,3.322,2018-02-05 08:45:05
2018-02-05 08:46:06,-1,81,7139.69,0,164,-1,-1,3.443,2018-02-05 08:45:06
2018-02-05 08:46:06,-1,82,7143.25,0,164,-1,-1,3.555,2018-02-05 08:45:07
2018-02-05 08:46:06,-1,82,7146.86,0,165,-1,-1,3.62,2018-02-05 08:45:08
2018-02-05 08:46:06,-1,81,7150.55,0,164,-1,-1,3.686,2018-02-05 08:45:09
2018-02-05 08:46:06,-1,80,7154.25,0,165,-1,-1,3.704,2018-02-05 08:45:10
2018-02-05 08:46:06,-1,80,7158,0,164,-1,-1,3.742,2018-02-05 08:45:11
2018-02-05 08:46:06,-1,80,7161.69,0,164,-1,-1,3.695,2018-02-05 08:45:12
2018-02-05 08:46:06,-1,80,7165.38,0,164,-1,-1,3.686,2018-02-05 08:45:13
2018-02-05 08:46:06,-1,79,7169.05,0.5,163,-1,-1,3.676,2018-02-05 08:45:14
2018-02-05 08:46:06,-1,79,7172.64,0.5,164,-1,-1,3.583,2018-02-05 08:45:15
2018-02-05 08:46:06,-1,79,7176.18,0.5,164,-1,-1,3.546,2018-02-05 08:45:16
2018-02-05 08:46:06,-1,79,7179.7,0.5,164,-1,-1,3.518,2018-02-05 08:45:17
2018-02-05 08:46:06,-1,80,7183.22,0,164,-1,-1,3.518,2018-02-05 08:45:18
2018-02-05 08:46:06,-1,79,7186.73,0.5,164,-1,-1,3.518,2018-02-05 08:45:19
2018-02-05 08:46:06,-1,79,7190.21,0.5,164,-1,-1,3.48,2018-02-05 08:45:20
2018-02-05 08:46:06,-1,79,7193.7,0.5,164,-1,-1,3.48,2018-02-05 08:45:21
2018-02-05 08:46:06,-1,79,7197.11,0.5,164,-1,-1,3.415,2018-02-05 08:45:22
2018-02-05 08:46:06,-1,79,7200.48,0.5,164,-1,-1,3.368,2018-02-05 08:45:23
2018-02-05 08:46:06,-1,80,7203.81,0,164,-1,-1,3.331,2018-02-05 08:45:24
2018-02-05 08:46:06,-1,80,7207.16,0,164,-1,-1,3.35,2018-02-05 08:45:25
2018-02-05 08:46:06,-1,80,7210.55,0,164,-1,-1,3.387,2018-02-05 08:45:26
2018-02-05 08:46:06,-1,81,7213.95,0,164,-1,-1,3.406,2018-02-05 08:45:27
2018-02-05 08:46:06,-1,81,7217.39,0,164,-1,-1,3.443,2018-02-05 08:45:28
2018-02-05 08:46:06,-1,80,7220.87,0,164,-1,-1,3.471,2018-02-05 08:45:29
2018-02-05 08:46:06,-1,80,7224.36,0,164,-1,-1,3.49,2018-02-05 08:45:30
2018-02-05 08:46:06,-1,80,7227.85,0,164,-1,-1,3.49,2018-02-05 08:45:31
2018-02-05 08:46:06,-1,80,7231.33,0,165,-1,-1,3.48,2018-02-05 08:45:32
2018-02-05 08:46:06,-1,79,7234.82,0.5,165,-1,-1,3.499,2018-02-05 08:45:33
2018-02-05 08:46:06,-1,79,7238.33,0.5,165,-1,-1,3.508,2018-02-05 08:45:34
2018-02-05 08:46:06,-1,79,7241.85,0.5,164,-1,-1,3.518,2018-02-05 08:45:35
2018-02-05 08:46:06,-1,80,7245.35,0,164,-1,-1,3.499,2018-02-05 08:45:36
2018-02-05 08:46:06,-1,80,7248.84,0,165,-1,-1,3.49,2018-02-05 08:45:37
2018-02-05 08:46:06,-1,80,7252.32,0,165,-1,-1,3.48,2018-02-05 08:45:38
2018-02-05 08:46:06,-1,82,1265.52,0,NA,-1,-1,3.555,2018-02-05 08:17:47
2018-02-05 08:46:06,-1,82,1269.05,0,NA,-1,-1,3.527,2018-02-05 08:17:48
2018-02-05 08:46:06,-1,82,1272.58,0,NA,-1,-1,3.527,2018-02-05 08:17:49
2018-02-05 08:46:06,-1,82,1306.73,0,NA,-1,-1,3.788,2018-02-05 08:17:58
