time,rr,time_sec,key,time_created
0.971,0.971,0.971,10202250800,2022_12_28_11_05_06
0.972,0.972,1.943,10202250800,2022_12_28_11_05_06
0.352,0.352,2.295,10202250800,2022_12_28_11_05_06
0.291,0.291,2.586,10202250800,2022_12_28_11_05_06
0.334,0.334,2.92,10202250800,2022_12_28_11_05_06
0.979,0.979,3.899,10202250800,2022_12_28_11_05_06
0.66,0.66,4.559,10202250800,2022_12_28_11_05_06
1.015,1.015,5.574,10202250800,2022_12_28_11_05_06
0.315,0.315,5.889,10202250800,2022_12_28_11_05_06
0.864,0.864,6.753,10202250800,2022_12_28_11_05_06
0.474,0.474,7.226999999999999,10202250800,2022_12_28_11_05_06
1.342,1.342,8.568999999999999,10202250800,2022_12_28_11_05_06
0.357,0.357,8.926,10202250800,2022_12_28_11_05_06
0.319,0.319,9.245,10202250800,2022_12_28_11_05_06
0.695,0.695,9.94,10202250800,2022_12_28_11_05_06
0.669,0.669,10.609,10202250800,2022_12_28_11_05_06
0.34,0.34,10.949,10202250800,2022_12_28_11_05_06
0.327,0.327,11.276,10202250800,2022_12_28_11_05_06
0.307,0.307,11.583,10202250800,2022_12_28_11_05_06
0.344,0.344,11.927,10202250800,2022_12_28_11_05_06
0.686,0.686,12.613,10202250800,2022_12_28_11_05_06
0.337,0.337,12.95,10202250800,2022_12_28_11_05_06
0.654,0.654,13.604,10202250800,2022_12_28_11_05_06
1.026,1.026,14.63,10202250800,2022_12_28_11_05_06
0.308,0.308,14.938,10202250800,2022_12_28_11_05_06
1.997,1.997,16.935,10202250800,2022_12_28_11_05_06
0.973,0.973,17.908,10202250800,2022_12_28_11_05_06
0.35,0.35,18.258,10202250800,2022_12_28_11_05_06
1.334,1.334,19.592,10202250800,2022_12_28_11_05_06
1.335,1.335,20.927,10202250800,2022_12_28_11_05_06
0.644,0.644,21.571,10202250800,2022_12_28_11_05_06
0.373,0.373,21.944,10202250800,2022_12_28_11_05_06
0.34,0.34,22.284,10202250800,2022_12_28_11_05_06
0.66,0.66,22.944,10202250800,2022_12_28_11_05_06
1.996,1.996,24.94,10202250800,2022_12_28_11_05_06
0.343,0.343,25.283,10202250800,2022_12_28_11_05_06
0.332,0.332,25.615000000000002,10202250800,2022_12_28_11_05_06
1.991,1.991,27.606,10202250800,2022_12_28_11_05_06
2.014,2.014,29.62,10202250800,2022_12_28_11_05_06
0.346,0.346,29.966,10202250800,2022_12_28_11_05_06
0.292,0.292,30.258,10202250800,2022_12_28_11_05_06
0.672,0.672,30.93,10202250800,2022_12_28_11_05_06
0.32,0.32,31.25,10202250800,2022_12_28_11_05_06
3.508,3.508,34.758,10202250800,2022_12_28_11_05_06
0.496,0.496,35.254,10202250800,2022_12_28_11_05_06
1.232,1.232,36.486,10202250800,2022_12_28_11_05_06
0.292,0.292,36.778,10202250800,2022_12_28_11_05_06
0.763,0.763,37.541,10202250800,2022_12_28_11_05_06
1.207,1.207,38.748,10202250800,2022_12_28_11_05_06
0.355,0.355,39.103,10202250800,2022_12_28_11_05_06
0.342,0.342,39.445,10202250800,2022_12_28_11_05_06
1.009,1.009,40.454,10202250800,2022_12_28_11_05_06
0.336,0.336,40.79,10202250800,2022_12_28_11_05_06
1.313,1.313,42.103,10202250800,2022_12_28_11_05_06
0.682,0.682,42.785,10202250800,2022_12_28_11_05_06
0.325,0.325,43.11,10202250800,2022_12_28_11_05_06
0.345,0.345,43.455,10202250800,2022_12_28_11_05_06
0.328,0.328,43.783,10202250800,2022_12_28_11_05_06
1.331,1.331,45.114,10202250800,2022_12_28_11_05_06
0.826,0.826,45.94,10202250800,2022_12_28_11_05_06
1.194,1.194,47.134,10202250800,2022_12_28_11_05_06
0.657,0.657,47.791,10202250800,2022_12_28_11_05_06
0.347,0.347,48.138,10202250800,2022_12_28_11_05_06
0.686,0.686,48.824,10202250800,2022_12_28_11_05_06
0.679,0.679,49.503,10202250800,2022_12_28_11_05_06
0.336,0.336,49.839,10202250800,2022_12_28_11_05_06
0.347,0.347,50.186,10202250800,2022_12_28_11_05_06
0.684,0.684,50.87,10202250800,2022_12_28_11_05_06
0.335,0.335,51.205,10202250800,2022_12_28_11_05_06
0.681,0.681,51.886,10202250800,2022_12_28_11_05_06
1.076,1.076,52.962,10202250800,2022_12_28_11_05_06
0.616,0.616,53.578,10202250800,2022_12_28_11_05_06
0.326,0.326,53.904,10202250800,2022_12_28_11_05_06
1.656,1.656,55.56,10202250800,2022_12_28_11_05_06
0.355,0.355,55.915,10202250800,2022_12_28_11_05_06
0.319,0.319,56.234,10202250800,2022_12_28_11_05_06
0.676,0.676,56.910000000000004,10202250800,2022_12_28_11_05_06
0.673,0.673,57.583,10202250800,2022_12_28_11_05_06
2.292,2.292,59.875,10202250800,2022_12_28_11_05_06
0.362,0.362,60.237,10202250800,2022_12_28_11_05_06
3.576,3.576,63.813,10202250800,2022_12_28_11_05_06
0.675,0.675,64.488,10202250800,2022_12_28_11_05_06
0.673,0.673,65.161,10202250800,2022_12_28_11_05_06
0.65,0.65,65.811,10202250800,2022_12_28_11_05_06
1.937,1.937,67.748,10202250800,2022_12_28_11_05_06
0.432,0.432,68.18,10202250800,2022_12_28_11_05_06
0.58,0.58,68.76,10202250800,2022_12_28_11_05_06
0.315,0.315,69.075,10202250800,2022_12_28_11_05_06
1.358,1.358,70.433,10202250800,2022_12_28_11_05_06
1.747,1.747,72.18,10202250800,2022_12_28_11_05_06
2.395,2.395,74.575,10202250800,2022_12_28_11_05_06
0.852,0.852,75.427,10202250800,2022_12_28_11_05_06
1.155,1.155,76.582,10202250800,2022_12_28_11_05_06
0.429,0.429,77.011,10202250800,2022_12_28_11_05_06
2.693,2.693,79.704,10202250800,2022_12_28_11_05_06
0.663,0.663,80.367,10202250800,2022_12_28_11_05_06
1.335,1.335,81.702,10202250800,2022_12_28_11_05_06
0.607,0.607,82.309,10202250800,2022_12_28_11_05_06
1.284,1.284,83.593,10202250800,2022_12_28_11_05_06
1.142,1.142,84.735,10202250800,2022_12_28_11_05_06
1.893,1.893,86.628,10202250800,2022_12_28_11_05_06
1.302,1.302,87.93,10202250800,2022_12_28_11_05_06
1.546,1.546,89.476,10202250800,2022_12_28_11_05_06
0.309,0.309,89.785,10202250800,2022_12_28_11_05_06
0.696,0.696,90.481,10202250800,2022_12_28_11_05_06
1.39,1.39,91.871,10202250800,2022_12_28_11_05_06
0.695,0.695,92.566,10202250800,2022_12_28_11_05_06
0.652,0.652,93.218,10202250800,2022_12_28_11_05_06
0.343,0.343,93.561,10202250800,2022_12_28_11_05_06
0.496,0.496,94.057,10202250800,2022_12_28_11_05_06
1.456,1.456,95.513,10202250800,2022_12_28_11_05_06
0.461,0.461,95.974,10202250800,2022_12_28_11_05_06
0.818,0.818,96.792,10202250800,2022_12_28_11_05_06
0.882,0.882,97.674,10202250800,2022_12_28_11_05_06
1.059,1.059,98.733,10202250800,2022_12_28_11_05_06
0.818,0.818,99.551,10202250800,2022_12_28_11_05_06
0.695,0.695,100.246,10202250800,2022_12_28_11_05_06
0.871,0.871,101.117,10202250800,2022_12_28_11_05_06
0.339,0.339,101.456,10202250800,2022_12_28_11_05_06
1.378,1.378,102.834,10202250800,2022_12_28_11_05_06
0.66,0.66,103.494,10202250800,2022_12_28_11_05_06
0.509,0.509,104.003,10202250800,2022_12_28_11_05_06
0.689,0.689,104.692,10202250800,2022_12_28_11_05_06
1.573,1.573,106.265,10202250800,2022_12_28_11_05_06
1.169,1.169,107.434,10202250800,2022_12_28_11_05_06
2.278,2.278,109.712,10202250800,2022_12_28_11_05_06
1.029,1.029,110.741,10202250800,2022_12_28_11_05_06
0.349,0.349,111.09,10202250800,2022_12_28_11_05_06
1.724,1.724,112.814,10202250800,2022_12_28_11_05_06
1.413,1.413,114.227,10202250800,2022_12_28_11_05_06
0.727,0.727,114.954,10202250800,2022_12_28_11_05_06
0.305,0.305,115.259,10202250800,2022_12_28_11_05_06
0.675,0.675,115.934,10202250800,2022_12_28_11_05_06
0.662,0.662,116.596,10202250800,2022_12_28_11_05_06
6.434,6.434,123.03,10202250800,2022_12_28_11_05_06
1.424,1.424,124.454,10202250800,2022_12_28_11_05_06
1.009,1.009,125.463,10202250800,2022_12_28_11_05_06
0.474,0.474,125.937,10202250800,2022_12_28_11_05_06
0.535,0.535,126.472,10202250800,2022_12_28_11_05_06
0.371,0.371,126.843,10202250800,2022_12_28_11_05_06
0.329,0.329,127.172,10202250800,2022_12_28_11_05_06
1.382,1.382,128.554,10202250800,2022_12_28_11_05_06
1.023,1.023,129.577,10202250800,2022_12_28_11_05_06
0.355,0.355,129.932,10202250800,2022_12_28_11_05_06
1.69,1.69,131.62199999999999,10202250800,2022_12_28_11_05_06
0.369,0.369,131.991,10202250800,2022_12_28_11_05_06
0.321,0.321,132.312,10202250800,2022_12_28_11_05_06
0.326,0.326,132.638,10202250800,2022_12_28_11_05_06
0.395,0.395,133.033,10202250800,2022_12_28_11_05_06
0.332,0.332,133.365,10202250800,2022_12_28_11_05_06
0.37,0.37,133.735,10202250800,2022_12_28_11_05_06
0.677,0.677,134.412,10202250800,2022_12_28_11_05_06
0.703,0.703,135.115,10202250800,2022_12_28_11_05_06
0.336,0.336,135.451,10202250800,2022_12_28_11_05_06
0.695,0.695,136.146,10202250800,2022_12_28_11_05_06
0.677,0.677,136.823,10202250800,2022_12_28_11_05_06
0.331,0.331,137.154,10202250800,2022_12_28_11_05_06
0.345,0.345,137.499,10202250800,2022_12_28_11_05_06
1.758,1.758,139.257,10202250800,2022_12_28_11_05_06
1.597,1.597,140.854,10202250800,2022_12_28_11_05_06
0.433,0.433,141.287,10202250800,2022_12_28_11_05_06
0.413,0.413,141.7,10202250800,2022_12_28_11_05_06
0.332,0.332,142.032,10202250800,2022_12_28_11_05_06
0.355,0.355,142.387,10202250800,2022_12_28_11_05_06
0.369,0.369,142.756,10202250800,2022_12_28_11_05_06
0.325,0.325,143.081,10202250800,2022_12_28_11_05_06
0.336,0.336,143.417,10202250800,2022_12_28_11_05_06
1.059,1.059,144.476,10202250800,2022_12_28_11_05_06
0.35,0.35,144.826,10202250800,2022_12_28_11_05_06
1.079,1.079,145.905,10202250800,2022_12_28_11_05_06
2.396,2.396,148.301,10202250800,2022_12_28_11_05_06
0.703,0.703,149.004,10202250800,2022_12_28_11_05_06
1.037,1.037,150.041,10202250800,2022_12_28_11_05_06
1.268,1.268,151.309,10202250800,2022_12_28_11_05_06
2.207,2.207,153.516,10202250800,2022_12_28_11_05_06
2.391,2.391,155.907,10202250800,2022_12_28_11_05_06
2.439,2.439,158.346,10202250800,2022_12_28_11_05_06
1.415,1.415,159.761,10202250800,2022_12_28_11_05_06
0.917,0.917,160.678,10202250800,2022_12_28_11_05_06
0.496,0.496,161.174,10202250800,2022_12_28_11_05_06
0.688,0.688,161.862,10202250800,2022_12_28_11_05_06
0.702,0.702,162.564,10202250800,2022_12_28_11_05_06
0.691,0.691,163.255,10202250800,2022_12_28_11_05_06
0.717,0.717,163.972,10202250800,2022_12_28_11_05_06
1.739,1.739,165.711,10202250800,2022_12_28_11_05_06
0.341,0.341,166.052,10202250800,2022_12_28_11_05_06
0.359,0.359,166.411,10202250800,2022_12_28_11_05_06
1.051,1.051,167.462,10202250800,2022_12_28_11_05_06
1.02,1.02,168.482,10202250800,2022_12_28_11_05_06
0.353,0.353,168.835,10202250800,2022_12_28_11_05_06
0.688,0.688,169.523,10202250800,2022_12_28_11_05_06
1.044,1.044,170.567,10202250800,2022_12_28_11_05_06
0.354,0.354,170.921,10202250800,2022_12_28_11_05_06
1.381,1.381,172.302,10202250800,2022_12_28_11_05_06
0.574,0.574,172.876,10202250800,2022_12_28_11_05_06
0.808,0.808,173.684,10202250800,2022_12_28_11_05_06
0.704,0.704,174.388,10202250800,2022_12_28_11_05_06
0.337,0.337,174.725,10202250800,2022_12_28_11_05_06
0.735,0.735,175.46,10202250800,2022_12_28_11_05_06
0.315,0.315,175.775,10202250800,2022_12_28_11_05_06
0.677,0.677,176.452,10202250800,2022_12_28_11_05_06
0.322,0.322,176.774,10202250800,2022_12_28_11_05_06
1.302,1.302,178.076,10202250800,2022_12_28_11_05_06
1.308,1.308,179.384,10202250800,2022_12_28_11_05_06
0.438,0.438,179.822,10202250800,2022_12_28_11_05_06
0.44,0.44,180.262,10202250800,2022_12_28_11_05_06
0.423,0.423,180.685,10202250800,2022_12_28_11_05_06
0.446,0.446,181.131,10202250800,2022_12_28_11_05_06
0.433,0.433,181.564,10202250800,2022_12_28_11_05_06
0.438,0.438,182.002,10202250800,2022_12_28_11_05_06
0.72,0.72,182.722,10202250800,2022_12_28_11_05_06
0.59,0.59,183.312,10202250800,2022_12_28_11_05_06
0.435,0.435,183.74699999999999,10202250800,2022_12_28_11_05_06
0.699,0.699,184.446,10202250800,2022_12_28_11_05_06
0.355,0.355,184.801,10202250800,2022_12_28_11_05_06
0.254,0.254,185.055,10202250800,2022_12_28_11_05_06
2.171,2.171,187.226,10202250800,2022_12_28_11_05_06
0.423,0.423,187.649,10202250800,2022_12_28_11_05_06
0.451,0.451,188.1,10202250800,2022_12_28_11_05_06
0.852,0.852,188.952,10202250800,2022_12_28_11_05_06
0.445,0.445,189.397,10202250800,2022_12_28_11_05_06
0.439,0.439,189.836,10202250800,2022_12_28_11_05_06
0.429,0.429,190.265,10202250800,2022_12_28_11_05_06
0.431,0.431,190.696,10202250800,2022_12_28_11_05_06
0.881,0.881,191.577,10202250800,2022_12_28_11_05_06
0.431,0.431,192.008,10202250800,2022_12_28_11_05_06
0.418,0.418,192.426,10202250800,2022_12_28_11_05_06
0.334,0.334,192.76,10202250800,2022_12_28_11_05_06
0.559,0.559,193.319,10202250800,2022_12_28_11_05_06
0.428,0.428,193.74699999999999,10202250800,2022_12_28_11_05_06
0.428,0.428,194.175,10202250800,2022_12_28_11_05_06
0.433,0.433,194.608,10202250800,2022_12_28_11_05_06
1.629,1.629,196.237,10202250800,2022_12_28_11_05_06
0.354,0.354,196.591,10202250800,2022_12_28_11_05_06
0.63,0.63,197.221,10202250800,2022_12_28_11_05_06
0.424,0.424,197.645,10202250800,2022_12_28_11_05_06
0.336,0.336,197.981,10202250800,2022_12_28_11_05_06
0.551,0.551,198.532,10202250800,2022_12_28_11_05_06
0.423,0.423,198.955,10202250800,2022_12_28_11_05_06
0.434,0.434,199.389,10202250800,2022_12_28_11_05_06
0.438,0.438,199.827,10202250800,2022_12_28_11_05_06
0.438,0.438,200.265,10202250800,2022_12_28_11_05_06
0.427,0.427,200.692,10202250800,2022_12_28_11_05_06
0.431,0.431,201.123,10202250800,2022_12_28_11_05_06
0.369,0.369,201.492,10202250800,2022_12_28_11_05_06
0.503,0.503,201.995,10202250800,2022_12_28_11_05_06
0.432,0.432,202.427,10202250800,2022_12_28_11_05_06
0.425,0.425,202.852,10202250800,2022_12_28_11_05_06
0.426,0.426,203.278,10202250800,2022_12_28_11_05_06
0.88,0.88,204.158,10202250800,2022_12_28_11_05_06
0.425,0.425,204.583,10202250800,2022_12_28_11_05_06
0.426,0.426,205.009,10202250800,2022_12_28_11_05_06
0.443,0.443,205.452,10202250800,2022_12_28_11_05_06
0.436,0.436,205.888,10202250800,2022_12_28_11_05_06
0.471,0.471,206.359,10202250800,2022_12_28_11_05_06
0.384,0.384,206.743,10202250800,2022_12_28_11_05_06
0.436,0.436,207.179,10202250800,2022_12_28_11_05_06
0.865,0.865,208.044,10202250800,2022_12_28_11_05_06
0.864,0.864,208.908,10202250800,2022_12_28_11_05_06
0.44,0.44,209.348,10202250800,2022_12_28_11_05_06
0.433,0.433,209.781,10202250800,2022_12_28_11_05_06
0.441,0.441,210.222,10202250800,2022_12_28_11_05_06
1.317,1.317,211.539,10202250800,2022_12_28_11_05_06
0.441,0.441,211.98,10202250800,2022_12_28_11_05_06
0.435,0.435,212.415,10202250800,2022_12_28_11_05_06
0.896,0.896,213.311,10202250800,2022_12_28_11_05_06
0.435,0.435,213.746,10202250800,2022_12_28_11_05_06
0.894,0.894,214.64,10202250800,2022_12_28_11_05_06
0.441,0.441,215.081,10202250800,2022_12_28_11_05_06
0.438,0.438,215.519,10202250800,2022_12_28_11_05_06
0.437,0.437,215.956,10202250800,2022_12_28_11_05_06
0.452,0.452,216.408,10202250800,2022_12_28_11_05_06
0.433,0.433,216.841,10202250800,2022_12_28_11_05_06
0.438,0.438,217.279,10202250800,2022_12_28_11_05_06
0.447,0.447,217.726,10202250800,2022_12_28_11_05_06
0.444,0.444,218.17,10202250800,2022_12_28_11_05_06
0.872,0.872,219.042,10202250800,2022_12_28_11_05_06
0.443,0.443,219.48499999999999,10202250800,2022_12_28_11_05_06
0.45,0.45,219.935,10202250800,2022_12_28_11_05_06
0.873,0.873,220.808,10202250800,2022_12_28_11_05_06
0.451,0.451,221.259,10202250800,2022_12_28_11_05_06
0.444,0.444,221.703,10202250800,2022_12_28_11_05_06
0.438,0.438,222.141,10202250800,2022_12_28_11_05_06
0.439,0.439,222.58,10202250800,2022_12_28_11_05_06
0.445,0.445,223.025,10202250800,2022_12_28_11_05_06
0.446,0.446,223.471,10202250800,2022_12_28_11_05_06
0.437,0.437,223.908,10202250800,2022_12_28_11_05_06
0.427,0.427,224.335,10202250800,2022_12_28_11_05_06
0.454,0.454,224.789,10202250800,2022_12_28_11_05_06
0.442,0.442,225.231,10202250800,2022_12_28_11_05_06
0.431,0.431,225.662,10202250800,2022_12_28_11_05_06
0.436,0.436,226.098,10202250800,2022_12_28_11_05_06
0.438,0.438,226.536,10202250800,2022_12_28_11_05_06
0.87,0.87,227.406,10202250800,2022_12_28_11_05_06
0.424,0.424,227.83,10202250800,2022_12_28_11_05_06
0.45,0.45,228.28,10202250800,2022_12_28_11_05_06
0.437,0.437,228.717,10202250800,2022_12_28_11_05_06
0.423,0.423,229.14,10202250800,2022_12_28_11_05_06
0.434,0.434,229.574,10202250800,2022_12_28_11_05_06
0.437,0.437,230.011,10202250800,2022_12_28_11_05_06
0.867,0.867,230.878,10202250800,2022_12_28_11_05_06
0.432,0.432,231.31,10202250800,2022_12_28_11_05_06
0.441,0.441,231.751,10202250800,2022_12_28_11_05_06
0.436,0.436,232.187,10202250800,2022_12_28_11_05_06
0.428,0.428,232.615,10202250800,2022_12_28_11_05_06
0.431,0.431,233.046,10202250800,2022_12_28_11_05_06
0.424,0.424,233.47,10202250800,2022_12_28_11_05_06
0.879,0.879,234.349,10202250800,2022_12_28_11_05_06
0.421,0.421,234.77,10202250800,2022_12_28_11_05_06
0.868,0.868,235.638,10202250800,2022_12_28_11_05_06
0.437,0.437,236.075,10202250800,2022_12_28_11_05_06
0.849,0.849,236.924,10202250800,2022_12_28_11_05_06
0.442,0.442,237.36599999999999,10202250800,2022_12_28_11_05_06
0.855,0.855,238.221,10202250800,2022_12_28_11_05_06
0.426,0.426,238.647,10202250800,2022_12_28_11_05_06
0.424,0.424,239.071,10202250800,2022_12_28_11_05_06
0.877,0.877,239.948,10202250800,2022_12_28_11_05_06
0.848,0.848,240.796,10202250800,2022_12_28_11_05_06
0.419,0.419,241.215,10202250800,2022_12_28_11_05_06
0.438,0.438,241.653,10202250800,2022_12_28_11_05_06
0.432,0.432,242.085,10202250800,2022_12_28_11_05_06
0.422,0.422,242.507,10202250800,2022_12_28_11_05_06
0.427,0.427,242.934,10202250800,2022_12_28_11_05_06
1.287,1.287,244.221,10202250800,2022_12_28_11_05_06
0.419,0.419,244.64,10202250800,2022_12_28_11_05_06
1.276,1.276,245.916,10202250800,2022_12_28_11_05_06
0.426,0.426,246.342,10202250800,2022_12_28_11_05_06
0.419,0.419,246.761,10202250800,2022_12_28_11_05_06
0.423,0.423,247.184,10202250800,2022_12_28_11_05_06
0.422,0.422,247.606,10202250800,2022_12_28_11_05_06
0.438,0.438,248.044,10202250800,2022_12_28_11_05_06
0.427,0.427,248.471,10202250800,2022_12_28_11_05_06
0.418,0.418,248.889,10202250800,2022_12_28_11_05_06
0.426,0.426,249.315,10202250800,2022_12_28_11_05_06
0.862,0.862,250.177,10202250800,2022_12_28_11_05_06
0.422,0.422,250.599,10202250800,2022_12_28_11_05_06
0.418,0.418,251.017,10202250800,2022_12_28_11_05_06
0.865,0.865,251.882,10202250800,2022_12_28_11_05_06
1.701,1.701,253.583,10202250800,2022_12_28_11_05_06
0.431,0.431,254.014,10202250800,2022_12_28_11_05_06
0.416,0.416,254.43,10202250800,2022_12_28_11_05_06
0.427,0.427,254.857,10202250800,2022_12_28_11_05_06
0.417,0.417,255.274,10202250800,2022_12_28_11_05_06
0.436,0.436,255.71,10202250800,2022_12_28_11_05_06
0.428,0.428,256.138,10202250800,2022_12_28_11_05_06
0.42,0.42,256.558,10202250800,2022_12_28_11_05_06
0.419,0.419,256.977,10202250800,2022_12_28_11_05_06
0.424,0.424,257.401,10202250800,2022_12_28_11_05_06
0.438,0.438,257.839,10202250800,2022_12_28_11_05_06
0.424,0.424,258.263,10202250800,2022_12_28_11_05_06
1.268,1.268,259.531,10202250800,2022_12_28_11_05_06
0.845,0.845,260.376,10202250800,2022_12_28_11_05_06
0.422,0.422,260.798,10202250800,2022_12_28_11_05_06
0.428,0.428,261.226,10202250800,2022_12_28_11_05_06
0.43,0.43,261.656,10202250800,2022_12_28_11_05_06
0.424,0.424,262.08,10202250800,2022_12_28_11_05_06
0.423,0.423,262.503,10202250800,2022_12_28_11_05_06
0.418,0.418,262.921,10202250800,2022_12_28_11_05_06
0.861,0.861,263.782,10202250800,2022_12_28_11_05_06
0.427,0.427,264.209,10202250800,2022_12_28_11_05_06
0.413,0.413,264.622,10202250800,2022_12_28_11_05_06
0.427,0.427,265.049,10202250800,2022_12_28_11_05_06
0.433,0.433,265.48199999999997,10202250800,2022_12_28_11_05_06
0.431,0.431,265.913,10202250800,2022_12_28_11_05_06
0.429,0.429,266.342,10202250800,2022_12_28_11_05_06
0.423,0.423,266.765,10202250800,2022_12_28_11_05_06
0.416,0.416,267.181,10202250800,2022_12_28_11_05_06
0.868,0.868,268.049,10202250800,2022_12_28_11_05_06
0.418,0.418,268.467,10202250800,2022_12_28_11_05_06
0.424,0.424,268.891,10202250800,2022_12_28_11_05_06
0.426,0.426,269.317,10202250800,2022_12_28_11_05_06
0.436,0.436,269.753,10202250800,2022_12_28_11_05_06
0.429,0.429,270.182,10202250800,2022_12_28_11_05_06
0.417,0.417,270.599,10202250800,2022_12_28_11_05_06
0.425,0.425,271.024,10202250800,2022_12_28_11_05_06
0.414,0.414,271.438,10202250800,2022_12_28_11_05_06
0.438,0.438,271.876,10202250800,2022_12_28_11_05_06
0.429,0.429,272.305,10202250800,2022_12_28_11_05_06
0.418,0.418,272.723,10202250800,2022_12_28_11_05_06
0.414,0.414,273.137,10202250800,2022_12_28_11_05_06
1.267,1.267,274.404,10202250800,2022_12_28_11_05_06
0.425,0.425,274.829,10202250800,2022_12_28_11_05_06
0.415,0.415,275.24399999999997,10202250800,2022_12_28_11_05_06
0.841,0.841,276.085,10202250800,2022_12_28_11_05_06
0.847,0.847,276.932,10202250800,2022_12_28_11_05_06
0.827,0.827,277.759,10202250800,2022_12_28_11_05_06
0.427,0.427,278.186,10202250800,2022_12_28_11_05_06
0.381,0.381,278.567,10202250800,2022_12_28_11_05_06
0.467,0.467,279.034,10202250800,2022_12_28_11_05_06
0.423,0.423,279.457,10202250800,2022_12_28_11_05_06
0.416,0.416,279.873,10202250800,2022_12_28_11_05_06
0.417,0.417,280.29,10202250800,2022_12_28_11_05_06
0.423,0.423,280.713,10202250800,2022_12_28_11_05_06
0.431,0.431,281.144,10202250800,2022_12_28_11_05_06
0.417,0.417,281.561,10202250800,2022_12_28_11_05_06
0.416,0.416,281.977,10202250800,2022_12_28_11_05_06
0.421,0.421,282.398,10202250800,2022_12_28_11_05_06
1.282,1.282,283.68,10202250800,2022_12_28_11_05_06
0.422,0.422,284.102,10202250800,2022_12_28_11_05_06
0.832,0.832,284.934,10202250800,2022_12_28_11_05_06
0.438,0.438,285.372,10202250800,2022_12_28_11_05_06
0.428,0.428,285.8,10202250800,2022_12_28_11_05_06
0.424,0.424,286.224,10202250800,2022_12_28_11_05_06
0.424,0.424,286.648,10202250800,2022_12_28_11_05_06
0.416,0.416,287.064,10202250800,2022_12_28_11_05_06
0.875,0.875,287.939,10202250800,2022_12_28_11_05_06
0.417,0.417,288.356,10202250800,2022_12_28_11_05_06
1.28,1.28,289.636,10202250800,2022_12_28_11_05_06
0.426,0.426,290.062,10202250800,2022_12_28_11_05_06
0.419,0.419,290.481,10202250800,2022_12_28_11_05_06
0.423,0.423,290.904,10202250800,2022_12_28_11_05_06
0.416,0.416,291.32,10202250800,2022_12_28_11_05_06
0.866,0.866,292.186,10202250800,2022_12_28_11_05_06
0.42,0.42,292.606,10202250800,2022_12_28_11_05_06
0.421,0.421,293.027,10202250800,2022_12_28_11_05_06
1.278,1.278,294.305,10202250800,2022_12_28_11_05_06
0.419,0.419,294.724,10202250800,2022_12_28_11_05_06
0.421,0.421,295.145,10202250800,2022_12_28_11_05_06
0.412,0.412,295.557,10202250800,2022_12_28_11_05_06
1.288,1.288,296.84499999999997,10202250800,2022_12_28_11_05_06
0.416,0.416,297.261,10202250800,2022_12_28_11_05_06
0.417,0.417,297.678,10202250800,2022_12_28_11_05_06
0.437,0.437,298.115,10202250800,2022_12_28_11_05_06
0.425,0.425,298.54,10202250800,2022_12_28_11_05_06
0.418,0.418,298.95799999999997,10202250800,2022_12_28_11_05_06
0.422,0.422,299.38,10202250800,2022_12_28_11_05_06
0.418,0.418,299.798,10202250800,2022_12_28_11_05_06
0.858,0.858,300.656,10202250800,2022_12_28_11_05_06
0.415,0.415,301.07099999999997,10202250800,2022_12_28_11_05_06
0.426,0.426,301.497,10202250800,2022_12_28_11_05_06
0.433,0.433,301.93,10202250800,2022_12_28_11_05_06
0.431,0.431,302.361,10202250800,2022_12_28_11_05_06
0.422,0.422,302.783,10202250800,2022_12_28_11_05_06
0.421,0.421,303.204,10202250800,2022_12_28_11_05_06
0.437,0.437,303.641,10202250800,2022_12_28_11_05_06
0.433,0.433,304.074,10202250800,2022_12_28_11_05_06
0.422,0.422,304.496,10202250800,2022_12_28_11_05_06
0.428,0.428,304.924,10202250800,2022_12_28_11_05_06
0.422,0.422,305.346,10202250800,2022_12_28_11_05_06
0.87,0.87,306.216,10202250800,2022_12_28_11_05_06
0.419,0.419,306.635,10202250800,2022_12_28_11_05_06
0.425,0.425,307.06,10202250800,2022_12_28_11_05_06
0.425,0.425,307.485,10202250800,2022_12_28_11_05_06
0.858,0.858,308.343,10202250800,2022_12_28_11_05_06
0.42,0.42,308.763,10202250800,2022_12_28_11_05_06
0.427,0.427,309.19,10202250800,2022_12_28_11_05_06
0.429,0.429,309.61899999999997,10202250800,2022_12_28_11_05_06
0.849,0.849,310.468,10202250800,2022_12_28_11_05_06
0.423,0.423,310.891,10202250800,2022_12_28_11_05_06
0.425,0.425,311.316,10202250800,2022_12_28_11_05_06
0.428,0.428,311.74399999999997,10202250800,2022_12_28_11_05_06
0.851,0.851,312.59499999999997,10202250800,2022_12_28_11_05_06
0.421,0.421,313.016,10202250800,2022_12_28_11_05_06
0.865,0.865,313.881,10202250800,2022_12_28_11_05_06
0.426,0.426,314.307,10202250800,2022_12_28_11_05_06
0.421,0.421,314.728,10202250800,2022_12_28_11_05_06
0.419,0.419,315.147,10202250800,2022_12_28_11_05_06
0.431,0.431,315.578,10202250800,2022_12_28_11_05_06
0.42,0.42,315.998,10202250800,2022_12_28_11_05_06
0.429,0.429,316.427,10202250800,2022_12_28_11_05_06
0.419,0.419,316.846,10202250800,2022_12_28_11_05_06
0.414,0.414,317.26,10202250800,2022_12_28_11_05_06
0.863,0.863,318.123,10202250800,2022_12_28_11_05_06
0.416,0.416,318.539,10202250800,2022_12_28_11_05_06
0.828,0.828,319.367,10202250800,2022_12_28_11_05_06
0.436,0.436,319.803,10202250800,2022_12_28_11_05_06
0.424,0.424,320.227,10202250800,2022_12_28_11_05_06
0.415,0.415,320.642,10202250800,2022_12_28_11_05_06
0.418,0.418,321.06,10202250800,2022_12_28_11_05_06
0.412,0.412,321.472,10202250800,2022_12_28_11_05_06
0.435,0.435,321.907,10202250800,2022_12_28_11_05_06
0.423,0.423,322.33,10202250800,2022_12_28_11_05_06
0.412,0.412,322.742,10202250800,2022_12_28_11_05_06
0.415,0.415,323.157,10202250800,2022_12_28_11_05_06
1.27,1.27,324.427,10202250800,2022_12_28_11_05_06
0.414,0.414,324.841,10202250800,2022_12_28_11_05_06
0.416,0.416,325.257,10202250800,2022_12_28_11_05_06
0.413,0.413,325.67,10202250800,2022_12_28_11_05_06
0.859,0.859,326.529,10202250800,2022_12_28_11_05_06
0.416,0.416,326.945,10202250800,2022_12_28_11_05_06
1.266,1.266,328.211,10202250800,2022_12_28_11_05_06
0.423,0.423,328.634,10202250800,2022_12_28_11_05_06
0.839,0.839,329.473,10202250800,2022_12_28_11_05_06
0.42,0.42,329.893,10202250800,2022_12_28_11_05_06
0.434,0.434,330.327,10202250800,2022_12_28_11_05_06
0.426,0.426,330.753,10202250800,2022_12_28_11_05_06
0.416,0.416,331.169,10202250800,2022_12_28_11_05_06
0.421,0.421,331.59,10202250800,2022_12_28_11_05_06
0.416,0.416,332.006,10202250800,2022_12_28_11_05_06
0.865,0.865,332.871,10202250800,2022_12_28_11_05_06
0.417,0.417,333.288,10202250800,2022_12_28_11_05_06
1.214,1.214,334.502,10202250800,2022_12_28_11_05_06
0.487,0.487,334.989,10202250800,2022_12_28_11_05_06
0.415,0.415,335.404,10202250800,2022_12_28_11_05_06
0.424,0.424,335.828,10202250800,2022_12_28_11_05_06
0.416,0.416,336.24399999999997,10202250800,2022_12_28_11_05_06
0.439,0.439,336.683,10202250800,2022_12_28_11_05_06
0.428,0.428,337.111,10202250800,2022_12_28_11_05_06
0.416,0.416,337.527,10202250800,2022_12_28_11_05_06
0.418,0.418,337.945,10202250800,2022_12_28_11_05_06
0.42,0.42,338.365,10202250800,2022_12_28_11_05_06
0.372,0.372,338.737,10202250800,2022_12_28_11_05_06
0.485,0.485,339.222,10202250800,2022_12_28_11_05_06
0.414,0.414,339.636,10202250800,2022_12_28_11_05_06
0.422,0.422,340.058,10202250800,2022_12_28_11_05_06
0.416,0.416,340.474,10202250800,2022_12_28_11_05_06
0.432,0.432,340.906,10202250800,2022_12_28_11_05_06
0.423,0.423,341.329,10202250800,2022_12_28_11_05_06
0.41,0.41,341.739,10202250800,2022_12_28_11_05_06
0.414,0.414,342.153,10202250800,2022_12_28_11_05_06
0.407,0.407,342.56,10202250800,2022_12_28_11_05_06
0.43,0.43,342.99,10202250800,2022_12_28_11_05_06
0.421,0.421,343.411,10202250800,2022_12_28_11_05_06
0.412,0.412,343.823,10202250800,2022_12_28_11_05_06
0.412,0.412,344.235,10202250800,2022_12_28_11_05_06
0.406,0.406,344.641,10202250800,2022_12_28_11_05_06
0.839,0.839,345.48,10202250800,2022_12_28_11_05_06
0.419,0.419,345.899,10202250800,2022_12_28_11_05_06
0.405,0.405,346.304,10202250800,2022_12_28_11_05_06
0.413,0.413,346.717,10202250800,2022_12_28_11_05_06
0.416,0.416,347.133,10202250800,2022_12_28_11_05_06
0.409,0.409,347.542,10202250800,2022_12_28_11_05_06
0.432,0.432,347.974,10202250800,2022_12_28_11_05_06
0.427,0.427,348.401,10202250800,2022_12_28_11_05_06
0.412,0.412,348.813,10202250800,2022_12_28_11_05_06
0.418,0.418,349.231,10202250800,2022_12_28_11_05_06
0.409,0.409,349.64,10202250800,2022_12_28_11_05_06
0.859,0.859,350.499,10202250800,2022_12_28_11_05_06
0.42,0.42,350.919,10202250800,2022_12_28_11_05_06
0.419,0.419,351.338,10202250800,2022_12_28_11_05_06
0.414,0.414,351.752,10202250800,2022_12_28_11_05_06
0.429,0.429,352.181,10202250800,2022_12_28_11_05_06
0.854,0.854,353.03499999999997,10202250800,2022_12_28_11_05_06
0.827,0.827,353.862,10202250800,2022_12_28_11_05_06
0.437,0.437,354.299,10202250800,2022_12_28_11_05_06
0.425,0.425,354.724,10202250800,2022_12_28_11_05_06
0.418,0.418,355.142,10202250800,2022_12_28_11_05_06
0.414,0.414,355.556,10202250800,2022_12_28_11_05_06
0.41,0.41,355.966,10202250800,2022_12_28_11_05_06
0.434,0.434,356.4,10202250800,2022_12_28_11_05_06
0.421,0.421,356.82099999999997,10202250800,2022_12_28_11_05_06
0.416,0.416,357.237,10202250800,2022_12_28_11_05_06
0.826,0.826,358.063,10202250800,2022_12_28_11_05_06
0.854,0.854,358.917,10202250800,2022_12_28_11_05_06
0.426,0.426,359.343,10202250800,2022_12_28_11_05_06
0.41,0.41,359.753,10202250800,2022_12_28_11_05_06
0.423,0.423,360.176,10202250800,2022_12_28_11_05_06
0.428,0.428,360.604,10202250800,2022_12_28_11_05_06
0.429,0.429,361.033,10202250800,2022_12_28_11_05_06
0.426,0.426,361.459,10202250800,2022_12_28_11_05_06
0.422,0.422,361.881,10202250800,2022_12_28_11_05_06
0.416,0.416,362.29699999999997,10202250800,2022_12_28_11_05_06
0.789,0.789,363.086,10202250800,2022_12_28_11_05_06
0.502,0.502,363.588,10202250800,2022_12_28_11_05_06
0.415,0.415,364.003,10202250800,2022_12_28_11_05_06
0.421,0.421,364.424,10202250800,2022_12_28_11_05_06
0.434,0.434,364.858,10202250800,2022_12_28_11_05_06
0.426,0.426,365.284,10202250800,2022_12_28_11_05_06
0.425,0.425,365.709,10202250800,2022_12_28_11_05_06
0.421,0.421,366.13,10202250800,2022_12_28_11_05_06
0.413,0.413,366.543,10202250800,2022_12_28_11_05_06
0.858,0.858,367.401,10202250800,2022_12_28_11_05_06
0.426,0.426,367.827,10202250800,2022_12_28_11_05_06
0.833,0.833,368.65999999999997,10202250800,2022_12_28_11_05_06
0.426,0.426,369.086,10202250800,2022_12_28_11_05_06
0.425,0.425,369.511,10202250800,2022_12_28_11_05_06
0.436,0.436,369.947,10202250800,2022_12_28_11_05_06
0.427,0.427,370.374,10202250800,2022_12_28_11_05_06
0.417,0.417,370.791,10202250800,2022_12_28_11_05_06
0.423,0.423,371.214,10202250800,2022_12_28_11_05_06
0.86,0.86,372.074,10202250800,2022_12_28_11_05_06
0.43,0.43,372.504,10202250800,2022_12_28_11_05_06
0.424,0.424,372.928,10202250800,2022_12_28_11_05_06
0.424,0.424,373.352,10202250800,2022_12_28_11_05_06
0.419,0.419,373.771,10202250800,2022_12_28_11_05_06
1.306,1.306,375.077,10202250800,2022_12_28_11_05_06
0.42,0.42,375.497,10202250800,2022_12_28_11_05_06
0.422,0.422,375.919,10202250800,2022_12_28_11_05_06
0.446,0.446,376.365,10202250800,2022_12_28_11_05_06
0.428,0.428,376.793,10202250800,2022_12_28_11_05_06
0.428,0.428,377.221,10202250800,2022_12_28_11_05_06
0.428,0.428,377.649,10202250800,2022_12_28_11_05_06
0.42,0.42,378.069,10202250800,2022_12_28_11_05_06
0.435,0.435,378.504,10202250800,2022_12_28_11_05_06
0.381,0.381,378.885,10202250800,2022_12_28_11_05_06
0.487,0.487,379.372,10202250800,2022_12_28_11_05_06
0.418,0.418,379.79,10202250800,2022_12_28_11_05_06
0.425,0.425,380.215,10202250800,2022_12_28_11_05_06
0.438,0.438,380.653,10202250800,2022_12_28_11_05_06
0.435,0.435,381.088,10202250800,2022_12_28_11_05_06
0.424,0.424,381.512,10202250800,2022_12_28_11_05_06
0.428,0.428,381.94,10202250800,2022_12_28_11_05_06
0.421,0.421,382.361,10202250800,2022_12_28_11_05_06
0.438,0.438,382.799,10202250800,2022_12_28_11_05_06
0.437,0.437,383.236,10202250800,2022_12_28_11_05_06
0.419,0.419,383.655,10202250800,2022_12_28_11_05_06
0.422,0.422,384.077,10202250800,2022_12_28_11_05_06
1.293,1.293,385.37,10202250800,2022_12_28_11_05_06
0.42,0.42,385.79,10202250800,2022_12_28_11_05_06
0.421,0.421,386.211,10202250800,2022_12_28_11_05_06
0.859,0.859,387.07,10202250800,2022_12_28_11_05_06
0.43,0.43,387.5,10202250800,2022_12_28_11_05_06
0.425,0.425,387.925,10202250800,2022_12_28_11_05_06
0.424,0.424,388.349,10202250800,2022_12_28_11_05_06
0.427,0.427,388.776,10202250800,2022_12_28_11_05_06
0.437,0.437,389.213,10202250800,2022_12_28_11_05_06
0.427,0.427,389.64,10202250800,2022_12_28_11_05_06
0.419,0.419,390.05899999999997,10202250800,2022_12_28_11_05_06
0.802,0.802,390.861,10202250800,2022_12_28_11_05_06
0.497,0.497,391.358,10202250800,2022_12_28_11_05_06
0.422,0.422,391.78,10202250800,2022_12_28_11_05_06
0.425,0.425,392.205,10202250800,2022_12_28_11_05_06
0.439,0.439,392.644,10202250800,2022_12_28_11_05_06
0.431,0.431,393.075,10202250800,2022_12_28_11_05_06
1.29,1.29,394.365,10202250800,2022_12_28_11_05_06
1.273,1.273,395.638,10202250800,2022_12_28_11_05_06
0.445,0.445,396.08299999999997,10202250800,2022_12_28_11_05_06
0.437,0.437,396.52,10202250800,2022_12_28_11_05_06
0.846,0.846,397.366,10202250800,2022_12_28_11_05_06
0.43,0.43,397.796,10202250800,2022_12_28_11_05_06
0.434,0.434,398.23,10202250800,2022_12_28_11_05_06
0.431,0.431,398.661,10202250800,2022_12_28_11_05_06
0.418,0.418,399.079,10202250800,2022_12_28_11_05_06
0.806,0.806,399.885,10202250800,2022_12_28_11_05_06
0.494,0.494,400.379,10202250800,2022_12_28_11_05_06
0.426,0.426,400.805,10202250800,2022_12_28_11_05_06
0.428,0.428,401.233,10202250800,2022_12_28_11_05_06
0.438,0.438,401.671,10202250800,2022_12_28_11_05_06
0.425,0.425,402.096,10202250800,2022_12_28_11_05_06
0.43,0.43,402.526,10202250800,2022_12_28_11_05_06
0.438,0.438,402.964,10202250800,2022_12_28_11_05_06
0.435,0.435,403.399,10202250800,2022_12_28_11_05_06
0.425,0.425,403.824,10202250800,2022_12_28_11_05_06
0.43,0.43,404.254,10202250800,2022_12_28_11_05_06
0.428,0.428,404.682,10202250800,2022_12_28_11_05_06
0.44,0.44,405.122,10202250800,2022_12_28_11_05_06
0.43,0.43,405.552,10202250800,2022_12_28_11_05_06
0.418,0.418,405.96999999999997,10202250800,2022_12_28_11_05_06
0.869,0.869,406.839,10202250800,2022_12_28_11_05_06
0.433,0.433,407.272,10202250800,2022_12_28_11_05_06
0.417,0.417,407.689,10202250800,2022_12_28_11_05_06
0.418,0.418,408.10699999999997,10202250800,2022_12_28_11_05_06
0.87,0.87,408.977,10202250800,2022_12_28_11_05_06
0.421,0.421,409.39799999999997,10202250800,2022_12_28_11_05_06
0.423,0.423,409.82099999999997,10202250800,2022_12_28_11_05_06
0.417,0.417,410.238,10202250800,2022_12_28_11_05_06
0.438,0.438,410.676,10202250800,2022_12_28_11_05_06
0.429,0.429,411.105,10202250800,2022_12_28_11_05_06
0.414,0.414,411.519,10202250800,2022_12_28_11_05_06
1.28,1.28,412.799,10202250800,2022_12_28_11_05_06
0.833,0.833,413.632,10202250800,2022_12_28_11_05_06
0.423,0.423,414.055,10202250800,2022_12_28_11_05_06
0.415,0.415,414.46999999999997,10202250800,2022_12_28_11_05_06
0.805,0.805,415.275,10202250800,2022_12_28_11_05_06
0.469,0.469,415.74399999999997,10202250800,2022_12_28_11_05_06
0.824,0.824,416.568,10202250800,2022_12_28_11_05_06
0.43,0.43,416.998,10202250800,2022_12_28_11_05_06
0.422,0.422,417.42,10202250800,2022_12_28_11_05_06
0.837,0.837,418.257,10202250800,2022_12_28_11_05_06
0.413,0.413,418.67,10202250800,2022_12_28_11_05_06
0.848,0.848,419.518,10202250800,2022_12_28_11_05_06
0.421,0.421,419.939,10202250800,2022_12_28_11_05_06
0.413,0.413,420.352,10202250800,2022_12_28_11_05_06
0.408,0.408,420.76,10202250800,2022_12_28_11_05_06
0.841,0.841,421.601,10202250800,2022_12_28_11_05_06
0.42,0.42,422.021,10202250800,2022_12_28_11_05_06
0.815,0.815,422.836,10202250800,2022_12_28_11_05_06
0.424,0.424,423.26,10202250800,2022_12_28_11_05_06
0.415,0.415,423.675,10202250800,2022_12_28_11_05_06
0.42,0.42,424.09499999999997,10202250800,2022_12_28_11_05_06
0.414,0.414,424.509,10202250800,2022_12_28_11_05_06
0.404,0.404,424.913,10202250800,2022_12_28_11_05_06
0.407,0.407,425.32,10202250800,2022_12_28_11_05_06
0.415,0.415,425.735,10202250800,2022_12_28_11_05_06
0.839,0.839,426.574,10202250800,2022_12_28_11_05_06
0.399,0.399,426.973,10202250800,2022_12_28_11_05_06
0.417,0.417,427.39,10202250800,2022_12_28_11_05_06
0.401,0.401,427.791,10202250800,2022_12_28_11_05_06
0.425,0.425,428.216,10202250800,2022_12_28_11_05_06
0.416,0.416,428.632,10202250800,2022_12_28_11_05_06
1.22,1.22,429.852,10202250800,2022_12_28_11_05_06
0.416,0.416,430.268,10202250800,2022_12_28_11_05_06
0.407,0.407,430.675,10202250800,2022_12_28_11_05_06
0.422,0.422,431.097,10202250800,2022_12_28_11_05_06
0.416,0.416,431.513,10202250800,2022_12_28_11_05_06
0.404,0.404,431.917,10202250800,2022_12_28_11_05_06
0.806,0.806,432.723,10202250800,2022_12_28_11_05_06
0.425,0.425,433.14799999999997,10202250800,2022_12_28_11_05_06
0.411,0.411,433.55899999999997,10202250800,2022_12_28_11_05_06
0.411,0.411,433.96999999999997,10202250800,2022_12_28_11_05_06
0.406,0.406,434.376,10202250800,2022_12_28_11_05_06
0.399,0.399,434.775,10202250800,2022_12_28_11_05_06
0.412,0.412,435.187,10202250800,2022_12_28_11_05_06
0.416,0.416,435.603,10202250800,2022_12_28_11_05_06
0.416,0.416,436.019,10202250800,2022_12_28_11_05_06
0.406,0.406,436.425,10202250800,2022_12_28_11_05_06
0.399,0.399,436.824,10202250800,2022_12_28_11_05_06
0.801,0.801,437.625,10202250800,2022_12_28_11_05_06
0.414,0.414,438.039,10202250800,2022_12_28_11_05_06
0.407,0.407,438.44599999999997,10202250800,2022_12_28_11_05_06
1.211,1.211,439.657,10202250800,2022_12_28_11_05_06
0.403,0.403,440.06,10202250800,2022_12_28_11_05_06
0.396,0.396,440.456,10202250800,2022_12_28_11_05_06
1.231,1.231,441.687,10202250800,2022_12_28_11_05_06
0.404,0.404,442.091,10202250800,2022_12_28_11_05_06
0.401,0.401,442.492,10202250800,2022_12_28_11_05_06
0.404,0.404,442.896,10202250800,2022_12_28_11_05_06
0.399,0.399,443.295,10202250800,2022_12_28_11_05_06
1.637,1.637,444.932,10202250800,2022_12_28_11_05_06
0.401,0.401,445.33299999999997,10202250800,2022_12_28_11_05_06
0.405,0.405,445.738,10202250800,2022_12_28_11_05_06
0.395,0.395,446.133,10202250800,2022_12_28_11_05_06
0.78,0.78,446.913,10202250800,2022_12_28_11_05_06
0.387,0.387,447.3,10202250800,2022_12_28_11_05_06
0.88,0.88,448.18,10202250800,2022_12_28_11_05_06
0.406,0.406,448.586,10202250800,2022_12_28_11_05_06
0.396,0.396,448.98199999999997,10202250800,2022_12_28_11_05_06
0.778,0.778,449.76,10202250800,2022_12_28_11_05_06
0.466,0.466,450.226,10202250800,2022_12_28_11_05_06
0.399,0.399,450.625,10202250800,2022_12_28_11_05_06
1.217,1.217,451.842,10202250800,2022_12_28_11_05_06
0.418,0.418,452.26,10202250800,2022_12_28_11_05_06
0.407,0.407,452.667,10202250800,2022_12_28_11_05_06
0.404,0.404,453.07099999999997,10202250800,2022_12_28_11_05_06
0.405,0.405,453.476,10202250800,2022_12_28_11_05_06
0.4,0.4,453.876,10202250800,2022_12_28_11_05_06
1.238,1.238,455.114,10202250800,2022_12_28_11_05_06
0.399,0.399,455.513,10202250800,2022_12_28_11_05_06
0.811,0.811,456.324,10202250800,2022_12_28_11_05_06
0.399,0.399,456.723,10202250800,2022_12_28_11_05_06
1.647,1.647,458.37,10202250800,2022_12_28_11_05_06
0.399,0.399,458.769,10202250800,2022_12_28_11_05_06
0.395,0.395,459.164,10202250800,2022_12_28_11_05_06
0.813,0.813,459.977,10202250800,2022_12_28_11_05_06
0.405,0.405,460.382,10202250800,2022_12_28_11_05_06
0.412,0.412,460.794,10202250800,2022_12_28_11_05_06
0.41,0.41,461.204,10202250800,2022_12_28_11_05_06
0.398,0.398,461.602,10202250800,2022_12_28_11_05_06
0.395,0.395,461.997,10202250800,2022_12_28_11_05_06
0.399,0.399,462.396,10202250800,2022_12_28_11_05_06
0.813,0.813,463.209,10202250800,2022_12_28_11_05_06
0.416,0.416,463.625,10202250800,2022_12_28_11_05_06
0.414,0.414,464.039,10202250800,2022_12_28_11_05_06
0.802,0.802,464.841,10202250800,2022_12_28_11_05_06
0.398,0.398,465.239,10202250800,2022_12_28_11_05_06
0.402,0.402,465.641,10202250800,2022_12_28_11_05_06
0.405,0.405,466.046,10202250800,2022_12_28_11_05_06
0.42,0.42,466.466,10202250800,2022_12_28_11_05_06
0.36,0.36,466.826,10202250800,2022_12_28_11_05_06
0.455,0.455,467.281,10202250800,2022_12_28_11_05_06
0.405,0.405,467.686,10202250800,2022_12_28_11_05_06
0.4,0.4,468.086,10202250800,2022_12_28_11_05_06
0.404,0.404,468.49,10202250800,2022_12_28_11_05_06
0.399,0.399,468.889,10202250800,2022_12_28_11_05_06
0.423,0.423,469.312,10202250800,2022_12_28_11_05_06
0.409,0.409,469.721,10202250800,2022_12_28_11_05_06
0.406,0.406,470.127,10202250800,2022_12_28_11_05_06
0.404,0.404,470.531,10202250800,2022_12_28_11_05_06
0.4,0.4,470.931,10202250800,2022_12_28_11_05_06
1.239,1.239,472.17,10202250800,2022_12_28_11_05_06
0.397,0.397,472.567,10202250800,2022_12_28_11_05_06
0.814,0.814,473.381,10202250800,2022_12_28_11_05_06
0.407,0.407,473.788,10202250800,2022_12_28_11_05_06
0.416,0.416,474.204,10202250800,2022_12_28_11_05_06
0.41,0.41,474.614,10202250800,2022_12_28_11_05_06
0.401,0.401,475.015,10202250800,2022_12_28_11_05_06
0.801,0.801,475.816,10202250800,2022_12_28_11_05_06
0.423,0.423,476.239,10202250800,2022_12_28_11_05_06
0.408,0.408,476.647,10202250800,2022_12_28_11_05_06
0.409,0.409,477.056,10202250800,2022_12_28_11_05_06
0.409,0.409,477.465,10202250800,2022_12_28_11_05_06
0.399,0.399,477.864,10202250800,2022_12_28_11_05_06
0.408,0.408,478.272,10202250800,2022_12_28_11_05_06
0.407,0.407,478.679,10202250800,2022_12_28_11_05_06
0.422,0.422,479.101,10202250800,2022_12_28_11_05_06
0.408,0.408,479.509,10202250800,2022_12_28_11_05_06
0.404,0.404,479.913,10202250800,2022_12_28_11_05_06
0.409,0.409,480.322,10202250800,2022_12_28_11_05_06
0.402,0.402,480.724,10202250800,2022_12_28_11_05_06
1.65,1.65,482.374,10202250800,2022_12_28_11_05_06
0.402,0.402,482.776,10202250800,2022_12_28_11_05_06
0.408,0.408,483.18399999999997,10202250800,2022_12_28_11_05_06
0.399,0.399,483.58299999999997,10202250800,2022_12_28_11_05_06
0.794,0.794,484.377,10202250800,2022_12_28_11_05_06
0.457,0.457,484.834,10202250800,2022_12_28_11_05_06
0.397,0.397,485.231,10202250800,2022_12_28_11_05_06
0.407,0.407,485.638,10202250800,2022_12_28_11_05_06
0.828,0.828,486.466,10202250800,2022_12_28_11_05_06
0.42,0.42,486.88599999999997,10202250800,2022_12_28_11_05_06
0.409,0.409,487.295,10202250800,2022_12_28_11_05_06
0.401,0.401,487.69599999999997,10202250800,2022_12_28_11_05_06
0.405,0.405,488.101,10202250800,2022_12_28_11_05_06
0.406,0.406,488.507,10202250800,2022_12_28_11_05_06
0.42,0.42,488.927,10202250800,2022_12_28_11_05_06
0.415,0.415,489.342,10202250800,2022_12_28_11_05_06
0.412,0.412,489.754,10202250800,2022_12_28_11_05_06
0.397,0.397,490.151,10202250800,2022_12_28_11_05_06
0.815,0.815,490.966,10202250800,2022_12_28_11_05_06
0.409,0.409,491.375,10202250800,2022_12_28_11_05_06
0.426,0.426,491.801,10202250800,2022_12_28_11_05_06
0.412,0.412,492.213,10202250800,2022_12_28_11_05_06
0.41,0.41,492.623,10202250800,2022_12_28_11_05_06
0.407,0.407,493.03,10202250800,2022_12_28_11_05_06
0.404,0.404,493.43399999999997,10202250800,2022_12_28_11_05_06
0.831,0.831,494.265,10202250800,2022_12_28_11_05_06
0.841,0.841,495.106,10202250800,2022_12_28_11_05_06
0.41,0.41,495.516,10202250800,2022_12_28_11_05_06
0.416,0.416,495.932,10202250800,2022_12_28_11_05_06
0.849,0.849,496.781,10202250800,2022_12_28_11_05_06
0.425,0.425,497.206,10202250800,2022_12_28_11_05_06
0.414,0.414,497.62,10202250800,2022_12_28_11_05_06
0.418,0.418,498.038,10202250800,2022_12_28_11_05_06
1.271,1.271,499.30899999999997,10202250800,2022_12_28_11_05_06
1.233,1.233,500.542,10202250800,2022_12_28_11_05_06
0.855,0.855,501.397,10202250800,2022_12_28_11_05_06
0.81,0.81,502.207,10202250800,2022_12_28_11_05_06
0.419,0.419,502.626,10202250800,2022_12_28_11_05_06
0.42,0.42,503.046,10202250800,2022_12_28_11_05_06
0.426,0.426,503.472,10202250800,2022_12_28_11_05_06
0.407,0.407,503.879,10202250800,2022_12_28_11_05_06
0.411,0.411,504.29,10202250800,2022_12_28_11_05_06
0.845,0.845,505.135,10202250800,2022_12_28_11_05_06
0.407,0.407,505.542,10202250800,2022_12_28_11_05_06
0.408,0.408,505.95,10202250800,2022_12_28_11_05_06
0.41,0.41,506.36,10202250800,2022_12_28_11_05_06
0.411,0.411,506.771,10202250800,2022_12_28_11_05_06
0.423,0.423,507.194,10202250800,2022_12_28_11_05_06
0.411,0.411,507.605,10202250800,2022_12_28_11_05_06
0.399,0.399,508.004,10202250800,2022_12_28_11_05_06
0.808,0.808,508.812,10202250800,2022_12_28_11_05_06
0.422,0.422,509.234,10202250800,2022_12_28_11_05_06
0.406,0.406,509.64,10202250800,2022_12_28_11_05_06
0.813,0.813,510.453,10202250800,2022_12_28_11_05_06
0.401,0.401,510.854,10202250800,2022_12_28_11_05_06
1.643,1.643,512.497,10202250800,2022_12_28_11_05_06
0.799,0.799,513.296,10202250800,2022_12_28_11_05_06
0.396,0.396,513.692,10202250800,2022_12_28_11_05_06
0.823,0.823,514.515,10202250800,2022_12_28_11_05_06
0.409,0.409,514.924,10202250800,2022_12_28_11_05_06
0.392,0.392,515.316,10202250800,2022_12_28_11_05_06
0.399,0.399,515.715,10202250800,2022_12_28_11_05_06
0.406,0.406,516.121,10202250800,2022_12_28_11_05_06
0.396,0.396,516.5169999999999,10202250800,2022_12_28_11_05_06
1.228,1.228,517.745,10202250800,2022_12_28_11_05_06
0.392,0.392,518.137,10202250800,2022_12_28_11_05_06
1.195,1.195,519.332,10202250800,2022_12_28_11_05_06
0.416,0.416,519.748,10202250800,2022_12_28_11_05_06
0.363,0.363,520.111,10202250800,2022_12_28_11_05_06
0.442,0.442,520.553,10202250800,2022_12_28_11_05_06
0.402,0.402,520.955,10202250800,2022_12_28_11_05_06
0.392,0.392,521.347,10202250800,2022_12_28_11_05_06
0.402,0.402,521.749,10202250800,2022_12_28_11_05_06
0.393,0.393,522.1419999999999,10202250800,2022_12_28_11_05_06
0.42,0.42,522.562,10202250800,2022_12_28_11_05_06
0.405,0.405,522.967,10202250800,2022_12_28_11_05_06
0.403,0.403,523.37,10202250800,2022_12_28_11_05_06
0.397,0.397,523.7669999999999,10202250800,2022_12_28_11_05_06
0.395,0.395,524.162,10202250800,2022_12_28_11_05_06
0.397,0.397,524.559,10202250800,2022_12_28_11_05_06
0.392,0.392,524.951,10202250800,2022_12_28_11_05_06
0.412,0.412,525.3629999999999,10202250800,2022_12_28_11_05_06
0.401,0.401,525.764,10202250800,2022_12_28_11_05_06
0.406,0.406,526.17,10202250800,2022_12_28_11_05_06
0.397,0.397,526.567,10202250800,2022_12_28_11_05_06
0.391,0.391,526.958,10202250800,2022_12_28_11_05_06
0.784,0.784,527.742,10202250800,2022_12_28_11_05_06
0.8,0.8,528.542,10202250800,2022_12_28_11_05_06
0.412,0.412,528.954,10202250800,2022_12_28_11_05_06
0.405,0.405,529.359,10202250800,2022_12_28_11_05_06
0.385,0.385,529.744,10202250800,2022_12_28_11_05_06
0.397,0.397,530.141,10202250800,2022_12_28_11_05_06
0.397,0.397,530.538,10202250800,2022_12_28_11_05_06
0.412,0.412,530.95,10202250800,2022_12_28_11_05_06
0.401,0.401,531.351,10202250800,2022_12_28_11_05_06
0.803,0.803,532.154,10202250800,2022_12_28_11_05_06
0.395,0.395,532.549,10202250800,2022_12_28_11_05_06
0.397,0.397,532.946,10202250800,2022_12_28_11_05_06
0.392,0.392,533.338,10202250800,2022_12_28_11_05_06
0.815,0.815,534.153,10202250800,2022_12_28_11_05_06
1.194,1.194,535.347,10202250800,2022_12_28_11_05_06
0.397,0.397,535.744,10202250800,2022_12_28_11_05_06
0.392,0.392,536.136,10202250800,2022_12_28_11_05_06
0.287,0.287,536.423,10202250800,2022_12_28_11_05_06
0.478,0.478,536.901,10202250800,2022_12_28_11_05_06
0.452,0.452,537.353,10202250800,2022_12_28_11_05_06
0.403,0.403,537.756,10202250800,2022_12_28_11_05_06
0.785,0.785,538.5409999999999,10202250800,2022_12_28_11_05_06
0.394,0.394,538.935,10202250800,2022_12_28_11_05_06
1.208,1.208,540.143,10202250800,2022_12_28_11_05_06
0.397,0.397,540.54,10202250800,2022_12_28_11_05_06
0.789,0.789,541.329,10202250800,2022_12_28_11_05_06
0.392,0.392,541.721,10202250800,2022_12_28_11_05_06
1.208,1.208,542.929,10202250800,2022_12_28_11_05_06
0.396,0.396,543.325,10202250800,2022_12_28_11_05_06
0.787,0.787,544.112,10202250800,2022_12_28_11_05_06
0.394,0.394,544.506,10202250800,2022_12_28_11_05_06
0.398,0.398,544.904,10202250800,2022_12_28_11_05_06
0.399,0.399,545.303,10202250800,2022_12_28_11_05_06
0.41,0.41,545.713,10202250800,2022_12_28_11_05_06
0.802,0.802,546.515,10202250800,2022_12_28_11_05_06
0.39,0.39,546.905,10202250800,2022_12_28_11_05_06
0.397,0.397,547.302,10202250800,2022_12_28_11_05_06
0.404,0.404,547.706,10202250800,2022_12_28_11_05_06
0.397,0.397,548.103,10202250800,2022_12_28_11_05_06
0.41,0.41,548.513,10202250800,2022_12_28_11_05_06
0.398,0.398,548.911,10202250800,2022_12_28_11_05_06
1.194,1.194,550.105,10202250800,2022_12_28_11_05_06
0.403,0.403,550.508,10202250800,2022_12_28_11_05_06
0.395,0.395,550.903,10202250800,2022_12_28_11_05_06
0.408,0.408,551.311,10202250800,2022_12_28_11_05_06
0.409,0.409,551.72,10202250800,2022_12_28_11_05_06
0.4,0.4,552.12,10202250800,2022_12_28_11_05_06
0.396,0.396,552.516,10202250800,2022_12_28_11_05_06
0.791,0.791,553.307,10202250800,2022_12_28_11_05_06
0.398,0.398,553.705,10202250800,2022_12_28_11_05_06
0.415,0.415,554.12,10202250800,2022_12_28_11_05_06
0.803,0.803,554.923,10202250800,2022_12_28_11_05_06
0.401,0.401,555.324,10202250800,2022_12_28_11_05_06
0.395,0.395,555.719,10202250800,2022_12_28_11_05_06
0.398,0.398,556.117,10202250800,2022_12_28_11_05_06
0.39,0.39,556.507,10202250800,2022_12_28_11_05_06
0.415,0.415,556.922,10202250800,2022_12_28_11_05_06
0.404,0.404,557.326,10202250800,2022_12_28_11_05_06
0.403,0.403,557.729,10202250800,2022_12_28_11_05_06
0.399,0.399,558.128,10202250800,2022_12_28_11_05_06
0.395,0.395,558.523,10202250800,2022_12_28_11_05_06
0.399,0.399,558.922,10202250800,2022_12_28_11_05_06
0.392,0.392,559.314,10202250800,2022_12_28_11_05_06
0.417,0.417,559.731,10202250800,2022_12_28_11_05_06
0.406,0.406,560.137,10202250800,2022_12_28_11_05_06
0.802,0.802,560.939,10202250800,2022_12_28_11_05_06
0.399,0.399,561.338,10202250800,2022_12_28_11_05_06
1.216,1.216,562.554,10202250800,2022_12_28_11_05_06
0.407,0.407,562.961,10202250800,2022_12_28_11_05_06
1.198,1.198,564.159,10202250800,2022_12_28_11_05_06
1.232,1.232,565.391,10202250800,2022_12_28_11_05_06
0.402,0.402,565.793,10202250800,2022_12_28_11_05_06
0.398,0.398,566.191,10202250800,2022_12_28_11_05_06
0.404,0.404,566.595,10202250800,2022_12_28_11_05_06
0.396,0.396,566.991,10202250800,2022_12_28_11_05_06
0.415,0.415,567.406,10202250800,2022_12_28_11_05_06
0.357,0.357,567.763,10202250800,2022_12_28_11_05_06
0.465,0.465,568.228,10202250800,2022_12_28_11_05_06
0.397,0.397,568.625,10202250800,2022_12_28_11_05_06
0.403,0.403,569.028,10202250800,2022_12_28_11_05_06
0.405,0.405,569.433,10202250800,2022_12_28_11_05_06
0.408,0.408,569.841,10202250800,2022_12_28_11_05_06
0.814,0.814,570.655,10202250800,2022_12_28_11_05_06
0.403,0.403,571.058,10202250800,2022_12_28_11_05_06
0.406,0.406,571.4639999999999,10202250800,2022_12_28_11_05_06
1.226,1.226,572.6899999999999,10202250800,2022_12_28_11_05_06
0.414,0.414,573.104,10202250800,2022_12_28_11_05_06
0.41,0.41,573.514,10202250800,2022_12_28_11_05_06
0.417,0.417,573.931,10202250800,2022_12_28_11_05_06
0.43,0.43,574.361,10202250800,2022_12_28_11_05_06
0.404,0.404,574.765,10202250800,2022_12_28_11_05_06
0.409,0.409,575.174,10202250800,2022_12_28_11_05_06
0.415,0.415,575.5889999999999,10202250800,2022_12_28_11_05_06
0.418,0.418,576.007,10202250800,2022_12_28_11_05_06
0.417,0.417,576.424,10202250800,2022_12_28_11_05_06
0.41,0.41,576.834,10202250800,2022_12_28_11_05_06
0.402,0.402,577.236,10202250800,2022_12_28_11_05_06
0.403,0.403,577.639,10202250800,2022_12_28_11_05_06
0.416,0.416,578.055,10202250800,2022_12_28_11_05_06
0.421,0.421,578.476,10202250800,2022_12_28_11_05_06
0.753,0.753,579.229,10202250800,2022_12_28_11_05_06
0.468,0.468,579.697,10202250800,2022_12_28_11_05_06
0.4,0.4,580.097,10202250800,2022_12_28_11_05_06
0.838,0.838,580.935,10202250800,2022_12_28_11_05_06
0.403,0.403,581.338,10202250800,2022_12_28_11_05_06
0.804,0.804,582.142,10202250800,2022_12_28_11_05_06
2.051,2.051,584.193,10202250800,2022_12_28_11_05_06
0.413,0.413,584.606,10202250800,2022_12_28_11_05_06
0.414,0.414,585.02,10202250800,2022_12_28_11_05_06
0.417,0.417,585.437,10202250800,2022_12_28_11_05_06
0.412,0.412,585.849,10202250800,2022_12_28_11_05_06
0.401,0.401,586.25,10202250800,2022_12_28_11_05_06
0.411,0.411,586.661,10202250800,2022_12_28_11_05_06
0.407,0.407,587.068,10202250800,2022_12_28_11_05_06
1.247,1.247,588.3149999999999,10202250800,2022_12_28_11_05_06
0.4,0.4,588.715,10202250800,2022_12_28_11_05_06
0.406,0.406,589.121,10202250800,2022_12_28_11_05_06
0.418,0.418,589.539,10202250800,2022_12_28_11_05_06
0.412,0.412,589.951,10202250800,2022_12_28_11_05_06
0.413,0.413,590.364,10202250800,2022_12_28_11_05_06
0.406,0.406,590.77,10202250800,2022_12_28_11_05_06
0.403,0.403,591.173,10202250800,2022_12_28_11_05_06
0.824,0.824,591.997,10202250800,2022_12_28_11_05_06
0.417,0.417,592.414,10202250800,2022_12_28_11_05_06
0.402,0.402,592.816,10202250800,2022_12_28_11_05_06
0.406,0.406,593.222,10202250800,2022_12_28_11_05_06
0.41,0.41,593.632,10202250800,2022_12_28_11_05_06
0.401,0.401,594.033,10202250800,2022_12_28_11_05_06
0.779,0.779,594.812,10202250800,2022_12_28_11_05_06
0.473,0.473,595.285,10202250800,2022_12_28_11_05_06
0.397,0.397,595.682,10202250800,2022_12_28_11_05_06
0.411,0.411,596.093,10202250800,2022_12_28_11_05_06
0.419,0.419,596.512,10202250800,2022_12_28_11_05_06
0.415,0.415,596.927,10202250800,2022_12_28_11_05_06
0.82,0.82,597.747,10202250800,2022_12_28_11_05_06
0.405,0.405,598.152,10202250800,2022_12_28_11_05_06
1.242,1.242,599.394,10202250800,2022_12_28_11_05_06
0.409,0.409,599.803,10202250800,2022_12_28_11_05_06
0.809,0.809,600.612,10202250800,2022_12_28_11_05_06
0.416,0.416,601.028,10202250800,2022_12_28_11_05_06
0.836,0.836,601.864,10202250800,2022_12_28_11_05_06
0.411,0.411,602.275,10202250800,2022_12_28_11_05_06
0.413,0.413,602.688,10202250800,2022_12_28_11_05_06
0.402,0.402,603.09,10202250800,2022_12_28_11_05_06
0.412,0.412,603.502,10202250800,2022_12_28_11_05_06
0.833,0.833,604.335,10202250800,2022_12_28_11_05_06
0.419,0.419,604.754,10202250800,2022_12_28_11_05_06
0.404,0.404,605.158,10202250800,2022_12_28_11_05_06
0.408,0.408,605.566,10202250800,2022_12_28_11_05_06
0.404,0.404,605.97,10202250800,2022_12_28_11_05_06
1.241,1.241,607.211,10202250800,2022_12_28_11_05_06
0.406,0.406,607.617,10202250800,2022_12_28_11_05_06
0.405,0.405,608.022,10202250800,2022_12_28_11_05_06
0.408,0.408,608.43,10202250800,2022_12_28_11_05_06
0.401,0.401,608.831,10202250800,2022_12_28_11_05_06
0.829,0.829,609.66,10202250800,2022_12_28_11_05_06
0.415,0.415,610.075,10202250800,2022_12_28_11_05_06
0.807,0.807,610.882,10202250800,2022_12_28_11_05_06
0.408,0.408,611.29,10202250800,2022_12_28_11_05_06
0.403,0.403,611.693,10202250800,2022_12_28_11_05_06
0.837,0.837,612.53,10202250800,2022_12_28_11_05_06
0.404,0.404,612.934,10202250800,2022_12_28_11_05_06
0.403,0.403,613.337,10202250800,2022_12_28_11_05_06
0.81,0.81,614.147,10202250800,2022_12_28_11_05_06
0.403,0.403,614.55,10202250800,2022_12_28_11_05_06
0.424,0.424,614.974,10202250800,2022_12_28_11_05_06
0.41,0.41,615.384,10202250800,2022_12_28_11_05_06
0.805,0.805,616.189,10202250800,2022_12_28_11_05_06
0.402,0.402,616.591,10202250800,2022_12_28_11_05_06
1.645,1.645,618.236,10202250800,2022_12_28_11_05_06
0.804,0.804,619.04,10202250800,2022_12_28_11_05_06
0.404,0.404,619.444,10202250800,2022_12_28_11_05_06
0.411,0.411,619.855,10202250800,2022_12_28_11_05_06
0.412,0.412,620.267,10202250800,2022_12_28_11_05_06
0.413,0.413,620.68,10202250800,2022_12_28_11_05_06
0.406,0.406,621.086,10202250800,2022_12_28_11_05_06
0.401,0.401,621.487,10202250800,2022_12_28_11_05_06
0.408,0.408,621.895,10202250800,2022_12_28_11_05_06
0.403,0.403,622.298,10202250800,2022_12_28_11_05_06
0.831,0.831,623.129,10202250800,2022_12_28_11_05_06
0.416,0.416,623.545,10202250800,2022_12_28_11_05_06
0.4,0.4,623.945,10202250800,2022_12_28_11_05_06
0.813,0.813,624.758,10202250800,2022_12_28_11_05_06
0.403,0.403,625.161,10202250800,2022_12_28_11_05_06
0.786,0.786,625.947,10202250800,2022_12_28_11_05_06
0.465,0.465,626.412,10202250800,2022_12_28_11_05_06
1.217,1.217,627.629,10202250800,2022_12_28_11_05_06
0.4,0.4,628.029,10202250800,2022_12_28_11_05_06
0.423,0.423,628.452,10202250800,2022_12_28_11_05_06
0.41,0.41,628.862,10202250800,2022_12_28_11_05_06
0.403,0.403,629.265,10202250800,2022_12_28_11_05_06
0.407,0.407,629.672,10202250800,2022_12_28_11_05_06
0.401,0.401,630.073,10202250800,2022_12_28_11_05_06
0.405,0.405,630.478,10202250800,2022_12_28_11_05_06
0.415,0.415,630.893,10202250800,2022_12_28_11_05_06
0.418,0.418,631.311,10202250800,2022_12_28_11_05_06
0.409,0.409,631.72,10202250800,2022_12_28_11_05_06
1.212,1.212,632.932,10202250800,2022_12_28_11_05_06
0.407,0.407,633.3389999999999,10202250800,2022_12_28_11_05_06
0.398,0.398,633.737,10202250800,2022_12_28_11_05_06
0.423,0.423,634.16,10202250800,2022_12_28_11_05_06
0.368,0.368,634.528,10202250800,2022_12_28_11_05_06
0.455,0.455,634.983,10202250800,2022_12_28_11_05_06
0.399,0.399,635.382,10202250800,2022_12_28_11_05_06
0.808,0.808,636.1899999999999,10202250800,2022_12_28_11_05_06
0.401,0.401,636.591,10202250800,2022_12_28_11_05_06
1.23,1.23,637.821,10202250800,2022_12_28_11_05_06
0.405,0.405,638.226,10202250800,2022_12_28_11_05_06
0.796,0.796,639.022,10202250800,2022_12_28_11_05_06
0.397,0.397,639.419,10202250800,2022_12_28_11_05_06
0.403,0.403,639.822,10202250800,2022_12_28_11_05_06
0.816,0.816,640.638,10202250800,2022_12_28_11_05_06
0.406,0.406,641.044,10202250800,2022_12_28_11_05_06
0.403,0.403,641.447,10202250800,2022_12_28_11_05_06
0.405,0.405,641.852,10202250800,2022_12_28_11_05_06
0.398,0.398,642.25,10202250800,2022_12_28_11_05_06
0.396,0.396,642.646,10202250800,2022_12_28_11_05_06
0.402,0.402,643.048,10202250800,2022_12_28_11_05_06
0.411,0.411,643.459,10202250800,2022_12_28_11_05_06
0.404,0.404,643.8629999999999,10202250800,2022_12_28_11_05_06
0.416,0.416,644.279,10202250800,2022_12_28_11_05_06
0.411,0.411,644.6899999999999,10202250800,2022_12_28_11_05_06
0.402,0.402,645.092,10202250800,2022_12_28_11_05_06
0.392,0.392,645.484,10202250800,2022_12_28_11_05_06
0.81,0.81,646.294,10202250800,2022_12_28_11_05_06
0.401,0.401,646.695,10202250800,2022_12_28_11_05_06
0.419,0.419,647.114,10202250800,2022_12_28_11_05_06
0.408,0.408,647.522,10202250800,2022_12_28_11_05_06
0.409,0.409,647.931,10202250800,2022_12_28_11_05_06
0.4,0.4,648.331,10202250800,2022_12_28_11_05_06
0.4,0.4,648.731,10202250800,2022_12_28_11_05_06
0.405,0.405,649.136,10202250800,2022_12_28_11_05_06
0.398,0.398,649.534,10202250800,2022_12_28_11_05_06
1.226,1.226,650.76,10202250800,2022_12_28_11_05_06
0.409,0.409,651.169,10202250800,2022_12_28_11_05_06
0.406,0.406,651.575,10202250800,2022_12_28_11_05_06
0.399,0.399,651.974,10202250800,2022_12_28_11_05_06
0.402,0.402,652.376,10202250800,2022_12_28_11_05_06
0.803,0.803,653.179,10202250800,2022_12_28_11_05_06
0.815,0.815,653.994,10202250800,2022_12_28_11_05_06
0.831,0.831,654.825,10202250800,2022_12_28_11_05_06
0.406,0.406,655.231,10202250800,2022_12_28_11_05_06
0.396,0.396,655.627,10202250800,2022_12_28_11_05_06
0.398,0.398,656.025,10202250800,2022_12_28_11_05_06
0.41,0.41,656.435,10202250800,2022_12_28_11_05_06
0.401,0.401,656.836,10202250800,2022_12_28_11_05_06
0.833,0.833,657.669,10202250800,2022_12_28_11_05_06
0.409,0.409,658.078,10202250800,2022_12_28_11_05_06
0.803,0.803,658.881,10202250800,2022_12_28_11_05_06
0.411,0.411,659.292,10202250800,2022_12_28_11_05_06
0.405,0.405,659.697,10202250800,2022_12_28_11_05_06
0.833,0.833,660.53,10202250800,2022_12_28_11_05_06
0.405,0.405,660.935,10202250800,2022_12_28_11_05_06
2.042,2.042,662.977,10202250800,2022_12_28_11_05_06
0.421,0.421,663.398,10202250800,2022_12_28_11_05_06
0.813,0.813,664.211,10202250800,2022_12_28_11_05_06
0.403,0.403,664.614,10202250800,2022_12_28_11_05_06
0.831,0.831,665.445,10202250800,2022_12_28_11_05_06
0.415,0.415,665.86,10202250800,2022_12_28_11_05_06
0.42,0.42,666.28,10202250800,2022_12_28_11_05_06
0.402,0.402,666.682,10202250800,2022_12_28_11_05_06
0.398,0.398,667.08,10202250800,2022_12_28_11_05_06
0.41,0.41,667.49,10202250800,2022_12_28_11_05_06
0.417,0.417,667.907,10202250800,2022_12_28_11_05_06
0.412,0.412,668.319,10202250800,2022_12_28_11_05_06
0.415,0.415,668.734,10202250800,2022_12_28_11_05_06
0.407,0.407,669.141,10202250800,2022_12_28_11_05_06
0.401,0.401,669.542,10202250800,2022_12_28_11_05_06
0.402,0.402,669.944,10202250800,2022_12_28_11_05_06
0.408,0.408,670.352,10202250800,2022_12_28_11_05_06
0.422,0.422,670.774,10202250800,2022_12_28_11_05_06
0.409,0.409,671.183,10202250800,2022_12_28_11_05_06
0.416,0.416,671.599,10202250800,2022_12_28_11_05_06
0.409,0.409,672.008,10202250800,2022_12_28_11_05_06
0.401,0.401,672.409,10202250800,2022_12_28_11_05_06
0.807,0.807,673.216,10202250800,2022_12_28_11_05_06
0.83,0.83,674.046,10202250800,2022_12_28_11_05_06
0.418,0.418,674.4639999999999,10202250800,2022_12_28_11_05_06
0.409,0.409,674.873,10202250800,2022_12_28_11_05_06
0.401,0.401,675.274,10202250800,2022_12_28_11_05_06
0.405,0.405,675.679,10202250800,2022_12_28_11_05_06
0.401,0.401,676.08,10202250800,2022_12_28_11_05_06
0.416,0.416,676.496,10202250800,2022_12_28_11_05_06
0.406,0.406,676.902,10202250800,2022_12_28_11_05_06
0.415,0.415,677.317,10202250800,2022_12_28_11_05_06
0.812,0.812,678.129,10202250800,2022_12_28_11_05_06
0.395,0.395,678.524,10202250800,2022_12_28_11_05_06
0.405,0.405,678.929,10202250800,2022_12_28_11_05_06
0.407,0.407,679.336,10202250800,2022_12_28_11_05_06
0.4,0.4,679.736,10202250800,2022_12_28_11_05_06
0.419,0.419,680.155,10202250800,2022_12_28_11_05_06
0.815,0.815,680.97,10202250800,2022_12_28_11_05_06
0.396,0.396,681.366,10202250800,2022_12_28_11_05_06
0.401,0.401,681.767,10202250800,2022_12_28_11_05_06
0.404,0.404,682.171,10202250800,2022_12_28_11_05_06
0.398,0.398,682.569,10202250800,2022_12_28_11_05_06
0.815,0.815,683.384,10202250800,2022_12_28_11_05_06
0.411,0.411,683.795,10202250800,2022_12_28_11_05_06
0.798,0.798,684.593,10202250800,2022_12_28_11_05_06
0.402,0.402,684.995,10202250800,2022_12_28_11_05_06
0.397,0.397,685.392,10202250800,2022_12_28_11_05_06
0.4,0.4,685.792,10202250800,2022_12_28_11_05_06
0.817,0.817,686.609,10202250800,2022_12_28_11_05_06
0.407,0.407,687.016,10202250800,2022_12_28_11_05_06
0.8,0.8,687.816,10202250800,2022_12_28_11_05_06
0.397,0.397,688.213,10202250800,2022_12_28_11_05_06
0.401,0.401,688.614,10202250800,2022_12_28_11_05_06
0.396,0.396,689.01,10202250800,2022_12_28_11_05_06
0.822,0.822,689.832,10202250800,2022_12_28_11_05_06
0.401,0.401,690.233,10202250800,2022_12_28_11_05_06
1.202,1.202,691.435,10202250800,2022_12_28_11_05_06
0.396,0.396,691.831,10202250800,2022_12_28_11_05_06
0.418,0.418,692.249,10202250800,2022_12_28_11_05_06
0.402,0.402,692.651,10202250800,2022_12_28_11_05_06
0.408,0.408,693.059,10202250800,2022_12_28_11_05_06
0.403,0.403,693.462,10202250800,2022_12_28_11_05_06
0.396,0.396,693.858,10202250800,2022_12_28_11_05_06
0.398,0.398,694.256,10202250800,2022_12_28_11_05_06
0.395,0.395,694.651,10202250800,2022_12_28_11_05_06
0.408,0.408,695.059,10202250800,2022_12_28_11_05_06
0.401,0.401,695.46,10202250800,2022_12_28_11_05_06
0.816,0.816,696.276,10202250800,2022_12_28_11_05_06
0.396,0.396,696.672,10202250800,2022_12_28_11_05_06
0.39,0.39,697.062,10202250800,2022_12_28_11_05_06
0.405,0.405,697.467,10202250800,2022_12_28_11_05_06
0.402,0.402,697.869,10202250800,2022_12_28_11_05_06
0.396,0.396,698.265,10202250800,2022_12_28_11_05_06
0.824,0.824,699.0889999999999,10202250800,2022_12_28_11_05_06
0.41,0.41,699.499,10202250800,2022_12_28_11_05_06
0.397,0.397,699.896,10202250800,2022_12_28_11_05_06
0.807,0.807,700.703,10202250800,2022_12_28_11_05_06
0.4,0.4,701.103,10202250800,2022_12_28_11_05_06
1.237,1.237,702.34,10202250800,2022_12_28_11_05_06
0.4,0.4,702.74,10202250800,2022_12_28_11_05_06
0.806,0.806,703.546,10202250800,2022_12_28_11_05_06
0.398,0.398,703.944,10202250800,2022_12_28_11_05_06
0.828,0.828,704.772,10202250800,2022_12_28_11_05_06
0.416,0.416,705.188,10202250800,2022_12_28_11_05_06
0.395,0.395,705.583,10202250800,2022_12_28_11_05_06
0.403,0.403,705.986,10202250800,2022_12_28_11_05_06
0.412,0.412,706.398,10202250800,2022_12_28_11_05_06
0.399,0.399,706.797,10202250800,2022_12_28_11_05_06
0.837,0.837,707.634,10202250800,2022_12_28_11_05_06
0.41,0.41,708.044,10202250800,2022_12_28_11_05_06
0.398,0.398,708.442,10202250800,2022_12_28_11_05_06
0.394,0.394,708.836,10202250800,2022_12_28_11_05_06
0.817,0.817,709.653,10202250800,2022_12_28_11_05_06
0.833,0.833,710.486,10202250800,2022_12_28_11_05_06
0.814,0.814,711.3,10202250800,2022_12_28_11_05_06
0.401,0.401,711.701,10202250800,2022_12_28_11_05_06
0.403,0.403,712.104,10202250800,2022_12_28_11_05_06
0.414,0.414,712.518,10202250800,2022_12_28_11_05_06
0.42,0.42,712.938,10202250800,2022_12_28_11_05_06
0.411,0.411,713.349,10202250800,2022_12_28_11_05_06
0.406,0.406,713.755,10202250800,2022_12_28_11_05_06
0.406,0.406,714.161,10202250800,2022_12_28_11_05_06
0.403,0.403,714.564,10202250800,2022_12_28_11_05_06
0.407,0.407,714.971,10202250800,2022_12_28_11_05_06
0.41,0.41,715.381,10202250800,2022_12_28_11_05_06
0.421,0.421,715.802,10202250800,2022_12_28_11_05_06
0.412,0.412,716.2139999999999,10202250800,2022_12_28_11_05_06
0.405,0.405,716.619,10202250800,2022_12_28_11_05_06
0.403,0.403,717.022,10202250800,2022_12_28_11_05_06
0.402,0.402,717.424,10202250800,2022_12_28_11_05_06
0.407,0.407,717.831,10202250800,2022_12_28_11_05_06
0.826,0.826,718.657,10202250800,2022_12_28_11_05_06
0.414,0.414,719.071,10202250800,2022_12_28_11_05_06
0.41,0.41,719.481,10202250800,2022_12_28_11_05_06
0.403,0.403,719.884,10202250800,2022_12_28_11_05_06
0.4,0.4,720.284,10202250800,2022_12_28_11_05_06
0.806,0.806,721.09,10202250800,2022_12_28_11_05_06
0.823,0.823,721.913,10202250800,2022_12_28_11_05_06
0.419,0.419,722.332,10202250800,2022_12_28_11_05_06
0.403,0.403,722.735,10202250800,2022_12_28_11_05_06
0.808,0.808,723.543,10202250800,2022_12_28_11_05_06
0.398,0.398,723.941,10202250800,2022_12_28_11_05_06
0.812,0.812,724.753,10202250800,2022_12_28_11_05_06
0.419,0.419,725.172,10202250800,2022_12_28_11_05_06
0.408,0.408,725.58,10202250800,2022_12_28_11_05_06
0.401,0.401,725.981,10202250800,2022_12_28_11_05_06
0.403,0.403,726.384,10202250800,2022_12_28_11_05_06
0.401,0.401,726.785,10202250800,2022_12_28_11_05_06
0.407,0.407,727.192,10202250800,2022_12_28_11_05_06
0.397,0.397,727.5889999999999,10202250800,2022_12_28_11_05_06
0.42,0.42,728.009,10202250800,2022_12_28_11_05_06
0.411,0.411,728.42,10202250800,2022_12_28_11_05_06
0.409,0.409,728.829,10202250800,2022_12_28_11_05_06
0.407,0.407,729.236,10202250800,2022_12_28_11_05_06
0.398,0.398,729.634,10202250800,2022_12_28_11_05_06
0.4,0.4,730.034,10202250800,2022_12_28_11_05_06
0.4,0.4,730.434,10202250800,2022_12_28_11_05_06
0.409,0.409,730.843,10202250800,2022_12_28_11_05_06
0.401,0.401,731.244,10202250800,2022_12_28_11_05_06
0.825,0.825,732.069,10202250800,2022_12_28_11_05_06
0.398,0.398,732.467,10202250800,2022_12_28_11_05_06
0.401,0.401,732.868,10202250800,2022_12_28_11_05_06
0.396,0.396,733.264,10202250800,2022_12_28_11_05_06
1.229,1.229,734.493,10202250800,2022_12_28_11_05_06
0.407,0.407,734.9,10202250800,2022_12_28_11_05_06
0.398,0.398,735.298,10202250800,2022_12_28_11_05_06
0.401,0.401,735.699,10202250800,2022_12_28_11_05_06
0.4,0.4,736.099,10202250800,2022_12_28_11_05_06
0.406,0.406,736.505,10202250800,2022_12_28_11_05_06
0.413,0.413,736.918,10202250800,2022_12_28_11_05_06
0.418,0.418,737.336,10202250800,2022_12_28_11_05_06
0.412,0.412,737.748,10202250800,2022_12_28_11_05_06
0.404,0.404,738.152,10202250800,2022_12_28_11_05_06
0.398,0.398,738.55,10202250800,2022_12_28_11_05_06
0.393,0.393,738.943,10202250800,2022_12_28_11_05_06
0.412,0.412,739.355,10202250800,2022_12_28_11_05_06
0.396,0.396,739.751,10202250800,2022_12_28_11_05_06
1.635,1.635,741.386,10202250800,2022_12_28_11_05_06
0.398,0.398,741.784,10202250800,2022_12_28_11_05_06
0.398,0.398,742.182,10202250800,2022_12_28_11_05_06
0.392,0.392,742.574,10202250800,2022_12_28_11_05_06
0.411,0.411,742.985,10202250800,2022_12_28_11_05_06
0.396,0.396,743.381,10202250800,2022_12_28_11_05_06
0.827,0.827,744.208,10202250800,2022_12_28_11_05_06
0.406,0.406,744.614,10202250800,2022_12_28_11_05_06
0.391,0.391,745.005,10202250800,2022_12_28_11_05_06
0.802,0.802,745.807,10202250800,2022_12_28_11_05_06
0.396,0.396,746.203,10202250800,2022_12_28_11_05_06
1.219,1.219,747.422,10202250800,2022_12_28_11_05_06
0.4,0.4,747.822,10202250800,2022_12_28_11_05_06
0.397,0.397,748.219,10202250800,2022_12_28_11_05_06
0.398,0.398,748.617,10202250800,2022_12_28_11_05_06
0.395,0.395,749.012,10202250800,2022_12_28_11_05_06
0.401,0.401,749.413,10202250800,2022_12_28_11_05_06
0.395,0.395,749.808,10202250800,2022_12_28_11_05_06
0.813,0.813,750.621,10202250800,2022_12_28_11_05_06
0.407,0.407,751.028,10202250800,2022_12_28_11_05_06
1.193,1.193,752.221,10202250800,2022_12_28_11_05_06
0.395,0.395,752.616,10202250800,2022_12_28_11_05_06
0.396,0.396,753.012,10202250800,2022_12_28_11_05_06
0.398,0.398,753.41,10202250800,2022_12_28_11_05_06
0.414,0.414,753.824,10202250800,2022_12_28_11_05_06
0.401,0.401,754.225,10202250800,2022_12_28_11_05_06
0.396,0.396,754.621,10202250800,2022_12_28_11_05_06
0.399,0.399,755.02,10202250800,2022_12_28_11_05_06
0.404,0.404,755.424,10202250800,2022_12_28_11_05_06
0.403,0.403,755.827,10202250800,2022_12_28_11_05_06
0.402,0.402,756.229,10202250800,2022_12_28_11_05_06
0.813,0.813,757.042,10202250800,2022_12_28_11_05_06
0.407,0.407,757.449,10202250800,2022_12_28_11_05_06
0.411,0.411,757.86,10202250800,2022_12_28_11_05_06
0.411,0.411,758.271,10202250800,2022_12_28_11_05_06
0.409,0.409,758.68,10202250800,2022_12_28_11_05_06
0.414,0.414,759.094,10202250800,2022_12_28_11_05_06
0.415,0.415,759.509,10202250800,2022_12_28_11_05_06
0.417,0.417,759.926,10202250800,2022_12_28_11_05_06
0.415,0.415,760.341,10202250800,2022_12_28_11_05_06
0.412,0.412,760.753,10202250800,2022_12_28_11_05_06
0.839,0.839,761.592,10202250800,2022_12_28_11_05_06
0.42,0.42,762.012,10202250800,2022_12_28_11_05_06
0.422,0.422,762.434,10202250800,2022_12_28_11_05_06
0.422,0.422,762.856,10202250800,2022_12_28_11_05_06
0.855,0.855,763.711,10202250800,2022_12_28_11_05_06
0.426,0.426,764.137,10202250800,2022_12_28_11_05_06
0.425,0.425,764.562,10202250800,2022_12_28_11_05_06
0.429,0.429,764.991,10202250800,2022_12_28_11_05_06
0.429,0.429,765.42,10202250800,2022_12_28_11_05_06
0.416,0.416,765.836,10202250800,2022_12_28_11_05_06
0.437,0.437,766.273,10202250800,2022_12_28_11_05_06
0.421,0.421,766.694,10202250800,2022_12_28_11_05_06
0.412,0.412,767.106,10202250800,2022_12_28_11_05_06
0.426,0.426,767.532,10202250800,2022_12_28_11_05_06
0.424,0.424,767.956,10202250800,2022_12_28_11_05_06
0.422,0.422,768.378,10202250800,2022_12_28_11_05_06
0.419,0.419,768.797,10202250800,2022_12_28_11_05_06
0.414,0.414,769.211,10202250800,2022_12_28_11_05_06
0.86,0.86,770.071,10202250800,2022_12_28_11_05_06
0.417,0.417,770.4879999999999,10202250800,2022_12_28_11_05_06
0.417,0.417,770.905,10202250800,2022_12_28_11_05_06
0.856,0.856,771.761,10202250800,2022_12_28_11_05_06
0.425,0.425,772.186,10202250800,2022_12_28_11_05_06
0.841,0.841,773.027,10202250800,2022_12_28_11_05_06
0.429,0.429,773.456,10202250800,2022_12_28_11_05_06
0.431,0.431,773.887,10202250800,2022_12_28_11_05_06
0.424,0.424,774.311,10202250800,2022_12_28_11_05_06
0.418,0.418,774.729,10202250800,2022_12_28_11_05_06
0.856,0.856,775.585,10202250800,2022_12_28_11_05_06
0.428,0.428,776.013,10202250800,2022_12_28_11_05_06
0.417,0.417,776.43,10202250800,2022_12_28_11_05_06
0.417,0.417,776.847,10202250800,2022_12_28_11_05_06
1.283,1.283,778.13,10202250800,2022_12_28_11_05_06
0.421,0.421,778.551,10202250800,2022_12_28_11_05_06
0.41,0.41,778.961,10202250800,2022_12_28_11_05_06
0.425,0.425,779.386,10202250800,2022_12_28_11_05_06
0.423,0.423,779.809,10202250800,2022_12_28_11_05_06
0.857,0.857,780.6659999999999,10202250800,2022_12_28_11_05_06
0.414,0.414,781.08,10202250800,2022_12_28_11_05_06
0.42,0.42,781.5,10202250800,2022_12_28_11_05_06
0.416,0.416,781.9159999999999,10202250800,2022_12_28_11_05_06
0.434,0.434,782.35,10202250800,2022_12_28_11_05_06
0.424,0.424,782.774,10202250800,2022_12_28_11_05_06
0.416,0.416,783.1899999999999,10202250800,2022_12_28_11_05_06
1.257,1.257,784.447,10202250800,2022_12_28_11_05_06
0.412,0.412,784.859,10202250800,2022_12_28_11_05_06
1.674,1.674,786.533,10202250800,2022_12_28_11_05_06
0.419,0.419,786.952,10202250800,2022_12_28_11_05_06
0.412,0.412,787.364,10202250800,2022_12_28_11_05_06
0.416,0.416,787.78,10202250800,2022_12_28_11_05_06
0.421,0.421,788.201,10202250800,2022_12_28_11_05_06
0.432,0.432,788.633,10202250800,2022_12_28_11_05_06
0.417,0.417,789.05,10202250800,2022_12_28_11_05_06
0.416,0.416,789.466,10202250800,2022_12_28_11_05_06
0.422,0.422,789.888,10202250800,2022_12_28_11_05_06
0.407,0.407,790.295,10202250800,2022_12_28_11_05_06
0.436,0.436,790.731,10202250800,2022_12_28_11_05_06
0.427,0.427,791.158,10202250800,2022_12_28_11_05_06
0.42,0.42,791.578,10202250800,2022_12_28_11_05_06
0.416,0.416,791.994,10202250800,2022_12_28_11_05_06
0.414,0.414,792.408,10202250800,2022_12_28_11_05_06
0.84,0.84,793.248,10202250800,2022_12_28_11_05_06
0.432,0.432,793.68,10202250800,2022_12_28_11_05_06
0.415,0.415,794.095,10202250800,2022_12_28_11_05_06
0.829,0.829,794.924,10202250800,2022_12_28_11_05_06
0.411,0.411,795.335,10202250800,2022_12_28_11_05_06
0.43,0.43,795.765,10202250800,2022_12_28_11_05_06
0.42,0.42,796.185,10202250800,2022_12_28_11_05_06
0.42,0.42,796.605,10202250800,2022_12_28_11_05_06
0.41,0.41,797.015,10202250800,2022_12_28_11_05_06
1.238,1.238,798.253,10202250800,2022_12_28_11_05_06
0.848,0.848,799.101,10202250800,2022_12_28_11_05_06
0.408,0.408,799.509,10202250800,2022_12_28_11_05_06
0.406,0.406,799.915,10202250800,2022_12_28_11_05_06
0.413,0.413,800.328,10202250800,2022_12_28_11_05_06
0.427,0.427,800.755,10202250800,2022_12_28_11_05_06
0.415,0.415,801.17,10202250800,2022_12_28_11_05_06
0.417,0.417,801.587,10202250800,2022_12_28_11_05_06
0.41,0.41,801.997,10202250800,2022_12_28_11_05_06
0.404,0.404,802.401,10202250800,2022_12_28_11_05_06
0.413,0.413,802.814,10202250800,2022_12_28_11_05_06
0.406,0.406,803.22,10202250800,2022_12_28_11_05_06
0.425,0.425,803.645,10202250800,2022_12_28_11_05_06
0.419,0.419,804.064,10202250800,2022_12_28_11_05_06
0.414,0.414,804.478,10202250800,2022_12_28_11_05_06
0.408,0.408,804.886,10202250800,2022_12_28_11_05_06
0.408,0.408,805.294,10202250800,2022_12_28_11_05_06
0.409,0.409,805.703,10202250800,2022_12_28_11_05_06
0.836,0.836,806.539,10202250800,2022_12_28_11_05_06
0.417,0.417,806.956,10202250800,2022_12_28_11_05_06
0.408,0.408,807.364,10202250800,2022_12_28_11_05_06
0.413,0.413,807.777,10202250800,2022_12_28_11_05_06
0.403,0.403,808.18,10202250800,2022_12_28_11_05_06
0.845,0.845,809.025,10202250800,2022_12_28_11_05_06
0.414,0.414,809.439,10202250800,2022_12_28_11_05_06
0.4,0.4,809.8389999999999,10202250800,2022_12_28_11_05_06
0.41,0.41,810.249,10202250800,2022_12_28_11_05_06
0.417,0.417,810.6659999999999,10202250800,2022_12_28_11_05_06
0.411,0.411,811.077,10202250800,2022_12_28_11_05_06
0.426,0.426,811.503,10202250800,2022_12_28_11_05_06
0.415,0.415,811.918,10202250800,2022_12_28_11_05_06
0.407,0.407,812.325,10202250800,2022_12_28_11_05_06
0.408,0.408,812.733,10202250800,2022_12_28_11_05_06
0.405,0.405,813.138,10202250800,2022_12_28_11_05_06
0.429,0.429,813.567,10202250800,2022_12_28_11_05_06
0.42,0.42,813.987,10202250800,2022_12_28_11_05_06
0.822,0.822,814.809,10202250800,2022_12_28_11_05_06
0.409,0.409,815.218,10202250800,2022_12_28_11_05_06
0.835,0.835,816.053,10202250800,2022_12_28_11_05_06
0.418,0.418,816.471,10202250800,2022_12_28_11_05_06
0.406,0.406,816.877,10202250800,2022_12_28_11_05_06
0.402,0.402,817.279,10202250800,2022_12_28_11_05_06
0.417,0.417,817.696,10202250800,2022_12_28_11_05_06
0.413,0.413,818.109,10202250800,2022_12_28_11_05_06
0.42,0.42,818.529,10202250800,2022_12_28_11_05_06
0.408,0.408,818.937,10202250800,2022_12_28_11_05_06
0.409,0.409,819.346,10202250800,2022_12_28_11_05_06
0.407,0.407,819.753,10202250800,2022_12_28_11_05_06
0.401,0.401,820.154,10202250800,2022_12_28_11_05_06
0.836,0.836,820.99,10202250800,2022_12_28_11_05_06
0.408,0.408,821.398,10202250800,2022_12_28_11_05_06
0.405,0.405,821.803,10202250800,2022_12_28_11_05_06
0.402,0.402,822.205,10202250800,2022_12_28_11_05_06
0.426,0.426,822.631,10202250800,2022_12_28_11_05_06
0.413,0.413,823.044,10202250800,2022_12_28_11_05_06
0.406,0.406,823.45,10202250800,2022_12_28_11_05_06
0.41,0.41,823.86,10202250800,2022_12_28_11_05_06
0.403,0.403,824.263,10202250800,2022_12_28_11_05_06
2.06,2.06,826.323,10202250800,2022_12_28_11_05_06
0.416,0.416,826.739,10202250800,2022_12_28_11_05_06
0.418,0.418,827.157,10202250800,2022_12_28_11_05_06
0.424,0.424,827.581,10202250800,2022_12_28_11_05_06
0.409,0.409,827.99,10202250800,2022_12_28_11_05_06
0.414,0.414,828.404,10202250800,2022_12_28_11_05_06
0.413,0.413,828.817,10202250800,2022_12_28_11_05_06
0.409,0.409,829.226,10202250800,2022_12_28_11_05_06
0.43,0.43,829.656,10202250800,2022_12_28_11_05_06
0.426,0.426,830.082,10202250800,2022_12_28_11_05_06
0.413,0.413,830.495,10202250800,2022_12_28_11_05_06
0.405,0.405,830.9,10202250800,2022_12_28_11_05_06
0.416,0.416,831.316,10202250800,2022_12_28_11_05_06
0.426,0.426,831.742,10202250800,2022_12_28_11_05_06
0.423,0.423,832.165,10202250800,2022_12_28_11_05_06
0.418,0.418,832.583,10202250800,2022_12_28_11_05_06
0.402,0.402,832.985,10202250800,2022_12_28_11_05_06
0.831,0.831,833.816,10202250800,2022_12_28_11_05_06
0.422,0.422,834.2379999999999,10202250800,2022_12_28_11_05_06
0.418,0.418,834.656,10202250800,2022_12_28_11_05_06
0.414,0.414,835.07,10202250800,2022_12_28_11_05_06
0.407,0.407,835.477,10202250800,2022_12_28_11_05_06
0.412,0.412,835.889,10202250800,2022_12_28_11_05_06
0.401,0.401,836.29,10202250800,2022_12_28_11_05_06
0.845,0.845,837.135,10202250800,2022_12_28_11_05_06
0.415,0.415,837.55,10202250800,2022_12_28_11_05_06
0.403,0.403,837.953,10202250800,2022_12_28_11_05_06
0.409,0.409,838.362,10202250800,2022_12_28_11_05_06
0.414,0.414,838.776,10202250800,2022_12_28_11_05_06
0.408,0.408,839.184,10202250800,2022_12_28_11_05_06
0.842,0.842,840.026,10202250800,2022_12_28_11_05_06
0.404,0.404,840.43,10202250800,2022_12_28_11_05_06
0.405,0.405,840.835,10202250800,2022_12_28_11_05_06
0.403,0.403,841.2379999999999,10202250800,2022_12_28_11_05_06
0.425,0.425,841.663,10202250800,2022_12_28_11_05_06
0.414,0.414,842.077,10202250800,2022_12_28_11_05_06
1.218,1.218,843.295,10202250800,2022_12_28_11_05_06
0.828,0.828,844.123,10202250800,2022_12_28_11_05_06
0.419,0.419,844.542,10202250800,2022_12_28_11_05_06
0.4,0.4,844.942,10202250800,2022_12_28_11_05_06
0.404,0.404,845.346,10202250800,2022_12_28_11_05_06
0.414,0.414,845.76,10202250800,2022_12_28_11_05_06
0.405,0.405,846.165,10202250800,2022_12_28_11_05_06
0.84,0.84,847.005,10202250800,2022_12_28_11_05_06
0.402,0.402,847.407,10202250800,2022_12_28_11_05_06
0.405,0.405,847.812,10202250800,2022_12_28_11_05_06
0.406,0.406,848.218,10202250800,2022_12_28_11_05_06
0.828,0.828,849.046,10202250800,2022_12_28_11_05_06
0.413,0.413,849.459,10202250800,2022_12_28_11_05_06
0.404,0.404,849.8629999999999,10202250800,2022_12_28_11_05_06
0.399,0.399,850.262,10202250800,2022_12_28_11_05_06
0.812,0.812,851.074,10202250800,2022_12_28_11_05_06
0.814,0.814,851.888,10202250800,2022_12_28_11_05_06
0.418,0.418,852.306,10202250800,2022_12_28_11_05_06
0.408,0.408,852.7139999999999,10202250800,2022_12_28_11_05_06
0.4,0.4,853.114,10202250800,2022_12_28_11_05_06
0.406,0.406,853.52,10202250800,2022_12_28_11_05_06
0.402,0.402,853.922,10202250800,2022_12_28_11_05_06
0.816,0.816,854.7379999999999,10202250800,2022_12_28_11_05_06
0.413,0.413,855.151,10202250800,2022_12_28_11_05_06
0.409,0.409,855.56,10202250800,2022_12_28_11_05_06
0.397,0.397,855.957,10202250800,2022_12_28_11_05_06
0.395,0.395,856.352,10202250800,2022_12_28_11_05_06
0.405,0.405,856.757,10202250800,2022_12_28_11_05_06
0.808,0.808,857.5649999999999,10202250800,2022_12_28_11_05_06
0.824,0.824,858.389,10202250800,2022_12_28_11_05_06
0.397,0.397,858.786,10202250800,2022_12_28_11_05_06
0.402,0.402,859.188,10202250800,2022_12_28_11_05_06
0.395,0.395,859.583,10202250800,2022_12_28_11_05_06
1.223,1.223,860.806,10202250800,2022_12_28_11_05_06
0.408,0.408,861.2139999999999,10202250800,2022_12_28_11_05_06
0.398,0.398,861.612,10202250800,2022_12_28_11_05_06
0.799,0.799,862.411,10202250800,2022_12_28_11_05_06
0.822,0.822,863.233,10202250800,2022_12_28_11_05_06
0.408,0.408,863.641,10202250800,2022_12_28_11_05_06
0.401,0.401,864.042,10202250800,2022_12_28_11_05_06
0.397,0.397,864.439,10202250800,2022_12_28_11_05_06
0.396,0.396,864.835,10202250800,2022_12_28_11_05_06
0.4,0.4,865.235,10202250800,2022_12_28_11_05_06
0.41,0.41,865.645,10202250800,2022_12_28_11_05_06
0.401,0.401,866.046,10202250800,2022_12_28_11_05_06
0.813,0.813,866.859,10202250800,2022_12_28_11_05_06
0.394,0.394,867.253,10202250800,2022_12_28_11_05_06
0.397,0.397,867.65,10202250800,2022_12_28_11_05_06
0.396,0.396,868.046,10202250800,2022_12_28_11_05_06
0.398,0.398,868.444,10202250800,2022_12_28_11_05_06
0.397,0.397,868.841,10202250800,2022_12_28_11_05_06
0.414,0.414,869.255,10202250800,2022_12_28_11_05_06
0.403,0.403,869.658,10202250800,2022_12_28_11_05_06
0.403,0.403,870.061,10202250800,2022_12_28_11_05_06
0.392,0.392,870.453,10202250800,2022_12_28_11_05_06
0.394,0.394,870.847,10202250800,2022_12_28_11_05_06
0.402,0.402,871.249,10202250800,2022_12_28_11_05_06
0.393,0.393,871.6419999999999,10202250800,2022_12_28_11_05_06
0.813,0.813,872.455,10202250800,2022_12_28_11_05_06
0.407,0.407,872.862,10202250800,2022_12_28_11_05_06
0.392,0.392,873.254,10202250800,2022_12_28_11_05_06
0.394,0.394,873.648,10202250800,2022_12_28_11_05_06
0.401,0.401,874.049,10202250800,2022_12_28_11_05_06
0.393,0.393,874.442,10202250800,2022_12_28_11_05_06
0.814,0.814,875.256,10202250800,2022_12_28_11_05_06
0.405,0.405,875.661,10202250800,2022_12_28_11_05_06
0.393,0.393,876.054,10202250800,2022_12_28_11_05_06
0.396,0.396,876.45,10202250800,2022_12_28_11_05_06
0.4,0.4,876.85,10202250800,2022_12_28_11_05_06
0.398,0.398,877.248,10202250800,2022_12_28_11_05_06
0.408,0.408,877.656,10202250800,2022_12_28_11_05_06
0.401,0.401,878.057,10202250800,2022_12_28_11_05_06
0.808,0.808,878.865,10202250800,2022_12_28_11_05_06
0.394,0.394,879.259,10202250800,2022_12_28_11_05_06
0.393,0.393,879.652,10202250800,2022_12_28_11_05_06
0.397,0.397,880.049,10202250800,2022_12_28_11_05_06
0.405,0.405,880.454,10202250800,2022_12_28_11_05_06
0.401,0.401,880.855,10202250800,2022_12_28_11_05_06
0.415,0.415,881.27,10202250800,2022_12_28_11_05_06
0.408,0.408,881.678,10202250800,2022_12_28_11_05_06
0.394,0.394,882.072,10202250800,2022_12_28_11_05_06
0.396,0.396,882.468,10202250800,2022_12_28_11_05_06
0.398,0.398,882.866,10202250800,2022_12_28_11_05_06
0.408,0.408,883.274,10202250800,2022_12_28_11_05_06
0.403,0.403,883.677,10202250800,2022_12_28_11_05_06
0.415,0.415,884.092,10202250800,2022_12_28_11_05_06
0.405,0.405,884.497,10202250800,2022_12_28_11_05_06
0.395,0.395,884.8919999999999,10202250800,2022_12_28_11_05_06
0.394,0.394,885.286,10202250800,2022_12_28_11_05_06
0.403,0.403,885.689,10202250800,2022_12_28_11_05_06
0.408,0.408,886.097,10202250800,2022_12_28_11_05_06
0.4,0.4,886.497,10202250800,2022_12_28_11_05_06
0.411,0.411,886.908,10202250800,2022_12_28_11_05_06
0.405,0.405,887.313,10202250800,2022_12_28_11_05_06
0.395,0.395,887.708,10202250800,2022_12_28_11_05_06
0.396,0.396,888.104,10202250800,2022_12_28_11_05_06
0.398,0.398,888.502,10202250800,2022_12_28_11_05_06
0.402,0.402,888.904,10202250800,2022_12_28_11_05_06
0.4,0.4,889.304,10202250800,2022_12_28_11_05_06
0.402,0.402,889.706,10202250800,2022_12_28_11_05_06
0.401,0.401,890.107,10202250800,2022_12_28_11_05_06
0.797,0.797,890.904,10202250800,2022_12_28_11_05_06
0.396,0.396,891.3,10202250800,2022_12_28_11_05_06
0.4,0.4,891.7,10202250800,2022_12_28_11_05_06
0.4,0.4,892.1,10202250800,2022_12_28_11_05_06
0.412,0.412,892.512,10202250800,2022_12_28_11_05_06
0.403,0.403,892.915,10202250800,2022_12_28_11_05_06
0.401,0.401,893.316,10202250800,2022_12_28_11_05_06
0.396,0.396,893.712,10202250800,2022_12_28_11_05_06
0.392,0.392,894.104,10202250800,2022_12_28_11_05_06
0.404,0.404,894.508,10202250800,2022_12_28_11_05_06
0.4,0.4,894.908,10202250800,2022_12_28_11_05_06
0.413,0.413,895.321,10202250800,2022_12_28_11_05_06
0.409,0.409,895.73,10202250800,2022_12_28_11_05_06
0.398,0.398,896.128,10202250800,2022_12_28_11_05_06
0.389,0.389,896.5169999999999,10202250800,2022_12_28_11_05_06
0.806,0.806,897.323,10202250800,2022_12_28_11_05_06
0.4,0.4,897.723,10202250800,2022_12_28_11_05_06
0.414,0.414,898.137,10202250800,2022_12_28_11_05_06
0.406,0.406,898.543,10202250800,2022_12_28_11_05_06
0.395,0.395,898.938,10202250800,2022_12_28_11_05_06
0.389,0.389,899.327,10202250800,2022_12_28_11_05_06
0.397,0.397,899.724,10202250800,2022_12_28_11_05_06
0.401,0.401,900.125,10202250800,2022_12_28_11_05_06
0.399,0.399,900.524,10202250800,2022_12_28_11_05_06
0.41,0.41,900.934,10202250800,2022_12_28_11_05_06
0.405,0.405,901.3389999999999,10202250800,2022_12_28_11_05_06
0.398,0.398,901.737,10202250800,2022_12_28_11_05_06
0.384,0.384,902.121,10202250800,2022_12_28_11_05_06
0.395,0.395,902.516,10202250800,2022_12_28_11_05_06
0.402,0.402,902.918,10202250800,2022_12_28_11_05_06
0.392,0.392,903.31,10202250800,2022_12_28_11_05_06
0.815,0.815,904.125,10202250800,2022_12_28_11_05_06
0.783,0.783,904.908,10202250800,2022_12_28_11_05_06
0.392,0.392,905.3,10202250800,2022_12_28_11_05_06
0.398,0.398,905.698,10202250800,2022_12_28_11_05_06
0.392,0.392,906.09,10202250800,2022_12_28_11_05_06
1.203,1.203,907.293,10202250800,2022_12_28_11_05_06
0.398,0.398,907.691,10202250800,2022_12_28_11_05_06
1.572,1.572,909.263,10202250800,2022_12_28_11_05_06
0.388,0.388,909.651,10202250800,2022_12_28_11_05_06
0.81,0.81,910.461,10202250800,2022_12_28_11_05_06
0.4,0.4,910.861,10202250800,2022_12_28_11_05_06
0.393,0.393,911.254,10202250800,2022_12_28_11_05_06
0.393,0.393,911.647,10202250800,2022_12_28_11_05_06
0.396,0.396,912.043,10202250800,2022_12_28_11_05_06
0.387,0.387,912.43,10202250800,2022_12_28_11_05_06
0.802,0.802,913.232,10202250800,2022_12_28_11_05_06
0.402,0.402,913.634,10202250800,2022_12_28_11_05_06
0.391,0.391,914.025,10202250800,2022_12_28_11_05_06
0.783,0.783,914.808,10202250800,2022_12_28_11_05_06
0.396,0.396,915.204,10202250800,2022_12_28_11_05_06
0.396,0.396,915.6,10202250800,2022_12_28_11_05_06
0.388,0.388,915.9879999999999,10202250800,2022_12_28_11_05_06
0.407,0.407,916.395,10202250800,2022_12_28_11_05_06
0.397,0.397,916.792,10202250800,2022_12_28_11_05_06
0.4,0.4,917.192,10202250800,2022_12_28_11_05_06
0.33,0.33,917.522,10202250800,2022_12_28_11_05_06
0.45,0.45,917.972,10202250800,2022_12_28_11_05_06
0.393,0.393,918.365,10202250800,2022_12_28_11_05_06
0.388,0.388,918.753,10202250800,2022_12_28_11_05_06
0.396,0.396,919.149,10202250800,2022_12_28_11_05_06
0.395,0.395,919.544,10202250800,2022_12_28_11_05_06
0.405,0.405,919.949,10202250800,2022_12_28_11_05_06
0.398,0.398,920.347,10202250800,2022_12_28_11_05_06
0.395,0.395,920.742,10202250800,2022_12_28_11_05_06
0.388,0.388,921.13,10202250800,2022_12_28_11_05_06
0.388,0.388,921.518,10202250800,2022_12_28_11_05_06
0.392,0.392,921.91,10202250800,2022_12_28_11_05_06
0.387,0.387,922.297,10202250800,2022_12_28_11_05_06
0.403,0.403,922.7,10202250800,2022_12_28_11_05_06
0.388,0.388,923.088,10202250800,2022_12_28_11_05_06
0.41,0.41,923.498,10202250800,2022_12_28_11_05_06
0.394,0.394,923.892,10202250800,2022_12_28_11_05_06
0.391,0.391,924.283,10202250800,2022_12_28_11_05_06
0.38,0.38,924.663,10202250800,2022_12_28_11_05_06
0.787,0.787,925.45,10202250800,2022_12_28_11_05_06
0.389,0.389,925.8389999999999,10202250800,2022_12_28_11_05_06
0.396,0.396,926.235,10202250800,2022_12_28_11_05_06
0.39,0.39,926.625,10202250800,2022_12_28_11_05_06
0.802,0.802,927.427,10202250800,2022_12_28_11_05_06
0.397,0.397,927.824,10202250800,2022_12_28_11_05_06
0.392,0.392,928.216,10202250800,2022_12_28_11_05_06
0.774,0.774,928.99,10202250800,2022_12_28_11_05_06
0.388,0.388,929.378,10202250800,2022_12_28_11_05_06
0.395,0.395,929.773,10202250800,2022_12_28_11_05_06
0.388,0.388,930.161,10202250800,2022_12_28_11_05_06
0.796,0.796,930.957,10202250800,2022_12_28_11_05_06
0.803,0.803,931.76,10202250800,2022_12_28_11_05_06
0.39,0.39,932.15,10202250800,2022_12_28_11_05_06
0.384,0.384,932.534,10202250800,2022_12_28_11_05_06
0.386,0.386,932.92,10202250800,2022_12_28_11_05_06
0.406,0.406,933.326,10202250800,2022_12_28_11_05_06
0.39,0.39,933.716,10202250800,2022_12_28_11_05_06
0.411,0.411,934.127,10202250800,2022_12_28_11_05_06
0.401,0.401,934.528,10202250800,2022_12_28_11_05_06
0.397,0.397,934.925,10202250800,2022_12_28_11_05_06
0.388,0.388,935.313,10202250800,2022_12_28_11_05_06
0.794,0.794,936.107,10202250800,2022_12_28_11_05_06
0.796,0.796,936.903,10202250800,2022_12_28_11_05_06
0.397,0.397,937.3,10202250800,2022_12_28_11_05_06
0.408,0.408,937.708,10202250800,2022_12_28_11_05_06
0.404,0.404,938.112,10202250800,2022_12_28_11_05_06
0.395,0.395,938.507,10202250800,2022_12_28_11_05_06
0.396,0.396,938.903,10202250800,2022_12_28_11_05_06
0.39,0.39,939.293,10202250800,2022_12_28_11_05_06
0.405,0.405,939.698,10202250800,2022_12_28_11_05_06
0.397,0.397,940.095,10202250800,2022_12_28_11_05_06
0.411,0.411,940.506,10202250800,2022_12_28_11_05_06
0.406,0.406,940.912,10202250800,2022_12_28_11_05_06
0.395,0.395,941.307,10202250800,2022_12_28_11_05_06
0.395,0.395,941.702,10202250800,2022_12_28_11_05_06
0.396,0.396,942.098,10202250800,2022_12_28_11_05_06
0.818,0.818,942.916,10202250800,2022_12_28_11_05_06
0.407,0.407,943.323,10202250800,2022_12_28_11_05_06
0.396,0.396,943.719,10202250800,2022_12_28_11_05_06
0.396,0.396,944.115,10202250800,2022_12_28_11_05_06
0.414,0.414,944.529,10202250800,2022_12_28_11_05_06
0.398,0.398,944.927,10202250800,2022_12_28_11_05_06
0.418,0.418,945.345,10202250800,2022_12_28_11_05_06
0.409,0.409,945.754,10202250800,2022_12_28_11_05_06
0.405,0.405,946.159,10202250800,2022_12_28_11_05_06
0.404,0.404,946.563,10202250800,2022_12_28_11_05_06
0.396,0.396,946.959,10202250800,2022_12_28_11_05_06
0.406,0.406,947.365,10202250800,2022_12_28_11_05_06
0.4,0.4,947.765,10202250800,2022_12_28_11_05_06
0.416,0.416,948.181,10202250800,2022_12_28_11_05_06
0.408,0.408,948.5889999999999,10202250800,2022_12_28_11_05_06
0.404,0.404,948.993,10202250800,2022_12_28_11_05_06
0.4,0.4,949.393,10202250800,2022_12_28_11_05_06
0.398,0.398,949.791,10202250800,2022_12_28_11_05_06
0.401,0.401,950.192,10202250800,2022_12_28_11_05_06
0.816,0.816,951.008,10202250800,2022_12_28_11_05_06
0.408,0.408,951.416,10202250800,2022_12_28_11_05_06
0.402,0.402,951.818,10202250800,2022_12_28_11_05_06
0.402,0.402,952.22,10202250800,2022_12_28_11_05_06
0.395,0.395,952.615,10202250800,2022_12_28_11_05_06
0.795,0.795,953.41,10202250800,2022_12_28_11_05_06
0.412,0.412,953.822,10202250800,2022_12_28_11_05_06
0.4,0.4,954.222,10202250800,2022_12_28_11_05_06
0.408,0.408,954.63,10202250800,2022_12_28_11_05_06
0.403,0.403,955.033,10202250800,2022_12_28_11_05_06
0.392,0.392,955.425,10202250800,2022_12_28_11_05_06
0.393,0.393,955.818,10202250800,2022_12_28_11_05_06
0.399,0.399,956.217,10202250800,2022_12_28_11_05_06
0.403,0.403,956.62,10202250800,2022_12_28_11_05_06
0.403,0.403,957.023,10202250800,2022_12_28_11_05_06
0.411,0.411,957.434,10202250800,2022_12_28_11_05_06
0.406,0.406,957.84,10202250800,2022_12_28_11_05_06
0.4,0.4,958.24,10202250800,2022_12_28_11_05_06
0.785,0.785,959.025,10202250800,2022_12_28_11_05_06
0.4,0.4,959.425,10202250800,2022_12_28_11_05_06
1.216,1.216,960.641,10202250800,2022_12_28_11_05_06
0.401,0.401,961.042,10202250800,2022_12_28_11_05_06
0.401,0.401,961.443,10202250800,2022_12_28_11_05_06
0.391,0.391,961.834,10202250800,2022_12_28_11_05_06
0.398,0.398,962.232,10202250800,2022_12_28_11_05_06
0.386,0.386,962.618,10202250800,2022_12_28_11_05_06
1.218,1.218,963.836,10202250800,2022_12_28_11_05_06
0.401,0.401,964.237,10202250800,2022_12_28_11_05_06
0.786,0.786,965.023,10202250800,2022_12_28_11_05_06
1.188,1.188,966.211,10202250800,2022_12_28_11_05_06
0.416,0.416,966.627,10202250800,2022_12_28_11_05_06
0.406,0.406,967.033,10202250800,2022_12_28_11_05_06
0.804,0.804,967.837,10202250800,2022_12_28_11_05_06
0.397,0.397,968.234,10202250800,2022_12_28_11_05_06
0.395,0.395,968.629,10202250800,2022_12_28_11_05_06
0.396,0.396,969.025,10202250800,2022_12_28_11_05_06
0.401,0.401,969.426,10202250800,2022_12_28_11_05_06
0.402,0.402,969.828,10202250800,2022_12_28_11_05_06
0.408,0.408,970.236,10202250800,2022_12_28_11_05_06
0.404,0.404,970.64,10202250800,2022_12_28_11_05_06
0.393,0.393,971.033,10202250800,2022_12_28_11_05_06
0.389,0.389,971.422,10202250800,2022_12_28_11_05_06
0.396,0.396,971.818,10202250800,2022_12_28_11_05_06
0.405,0.405,972.223,10202250800,2022_12_28_11_05_06
0.394,0.394,972.617,10202250800,2022_12_28_11_05_06
0.818,0.818,973.435,10202250800,2022_12_28_11_05_06
0.402,0.402,973.837,10202250800,2022_12_28_11_05_06
0.394,0.394,974.231,10202250800,2022_12_28_11_05_06
0.396,0.396,974.627,10202250800,2022_12_28_11_05_06
0.4,0.4,975.027,10202250800,2022_12_28_11_05_06
0.397,0.397,975.424,10202250800,2022_12_28_11_05_06
1.212,1.212,976.636,10202250800,2022_12_28_11_05_06
0.404,0.404,977.04,10202250800,2022_12_28_11_05_06
0.399,0.399,977.439,10202250800,2022_12_28_11_05_06
0.398,0.398,977.837,10202250800,2022_12_28_11_05_06
0.395,0.395,978.232,10202250800,2022_12_28_11_05_06
0.398,0.398,978.63,10202250800,2022_12_28_11_05_06
0.392,0.392,979.022,10202250800,2022_12_28_11_05_06
1.221,1.221,980.243,10202250800,2022_12_28_11_05_06
0.404,0.404,980.647,10202250800,2022_12_28_11_05_06
0.794,0.794,981.441,10202250800,2022_12_28_11_05_06
0.396,0.396,981.837,10202250800,2022_12_28_11_05_06
0.4,0.4,982.237,10202250800,2022_12_28_11_05_06
0.4,0.4,982.637,10202250800,2022_12_28_11_05_06
0.818,0.818,983.455,10202250800,2022_12_28_11_05_06
0.4,0.4,983.855,10202250800,2022_12_28_11_05_06
0.396,0.396,984.251,10202250800,2022_12_28_11_05_06
0.384,0.384,984.635,10202250800,2022_12_28_11_05_06
0.407,0.407,985.042,10202250800,2022_12_28_11_05_06
0.393,0.393,985.435,10202250800,2022_12_28_11_05_06
1.219,1.219,986.654,10202250800,2022_12_28_11_05_06
0.402,0.402,987.056,10202250800,2022_12_28_11_05_06
0.794,0.794,987.85,10202250800,2022_12_28_11_05_06
0.392,0.392,988.242,10202250800,2022_12_28_11_05_06
0.4,0.4,988.642,10202250800,2022_12_28_11_05_06
1.198,1.198,989.84,10202250800,2022_12_28_11_05_06
0.408,0.408,990.248,10202250800,2022_12_28_11_05_06
0.399,0.399,990.647,10202250800,2022_12_28_11_05_06
1.176,1.176,991.823,10202250800,2022_12_28_11_05_06
0.399,0.399,992.222,10202250800,2022_12_28_11_05_06
0.394,0.394,992.616,10202250800,2022_12_28_11_05_06
1.214,1.214,993.83,10202250800,2022_12_28_11_05_06
0.784,0.784,994.614,10202250800,2022_12_28_11_05_06
0.396,0.396,995.01,10202250800,2022_12_28_11_05_06
0.392,0.392,995.402,10202250800,2022_12_28_11_05_06
0.79,0.79,996.192,10202250800,2022_12_28_11_05_06
0.81,0.81,997.002,10202250800,2022_12_28_11_05_06
0.396,0.396,997.398,10202250800,2022_12_28_11_05_06
0.395,0.395,997.793,10202250800,2022_12_28_11_05_06
0.783,0.783,998.576,10202250800,2022_12_28_11_05_06
0.392,0.392,998.968,10202250800,2022_12_28_11_05_06
0.398,0.398,999.366,10202250800,2022_12_28_11_05_06
0.396,0.396,999.762,10202250800,2022_12_28_11_05_06
0.409,0.409,1000.171,10202250800,2022_12_28_11_05_06
0.402,0.402,1000.573,10202250800,2022_12_28_11_05_06
0.395,0.395,1000.968,10202250800,2022_12_28_11_05_06
0.397,0.397,1001.365,10202250800,2022_12_28_11_05_06
0.391,0.391,1001.756,10202250800,2022_12_28_11_05_06
0.781,0.781,1002.537,10202250800,2022_12_28_11_05_06
0.408,0.408,1002.945,10202250800,2022_12_28_11_05_06
0.394,0.394,1003.339,10202250800,2022_12_28_11_05_06
0.804,0.804,1004.143,10202250800,2022_12_28_11_05_06
0.392,0.392,1004.535,10202250800,2022_12_28_11_05_06
0.384,0.384,1004.919,10202250800,2022_12_28_11_05_06
0.392,0.392,1005.311,10202250800,2022_12_28_11_05_06
0.401,0.401,1005.712,10202250800,2022_12_28_11_05_06
0.39,0.39,1006.102,10202250800,2022_12_28_11_05_06
1.598,1.598,1007.7,10202250800,2022_12_28_11_05_06
0.779,0.779,1008.479,10202250800,2022_12_28_11_05_06
0.394,0.394,1008.873,10202250800,2022_12_28_11_05_06
0.391,0.391,1009.264,10202250800,2022_12_28_11_05_06
0.391,0.391,1009.655,10202250800,2022_12_28_11_05_06
0.41,0.41,1010.065,10202250800,2022_12_28_11_05_06
0.398,0.398,1010.463,10202250800,2022_12_28_11_05_06
0.794,0.794,1011.257,10202250800,2022_12_28_11_05_06
0.391,0.391,1011.648,10202250800,2022_12_28_11_05_06
0.781,0.781,1012.429,10202250800,2022_12_28_11_05_06
0.4,0.4,1012.829,10202250800,2022_12_28_11_05_06
0.389,0.389,1013.218,10202250800,2022_12_28_11_05_06
1.213,1.213,1014.431,10202250800,2022_12_28_11_05_06
0.389,0.389,1014.82,10202250800,2022_12_28_11_05_06
0.791,0.791,1015.611,10202250800,2022_12_28_11_05_06
0.392,0.392,1016.003,10202250800,2022_12_28_11_05_06
0.789,0.789,1016.792,10202250800,2022_12_28_11_05_06
0.414,0.414,1017.206,10202250800,2022_12_28_11_05_06
0.401,0.401,1017.607,10202250800,2022_12_28_11_05_06
0.797,0.797,1018.404,10202250800,2022_12_28_11_05_06
0.396,0.396,1018.8,10202250800,2022_12_28_11_05_06
1.594,1.594,1020.394,10202250800,2022_12_28_11_05_06
0.8,0.8,1021.194,10202250800,2022_12_28_11_05_06
1.619,1.619,1022.813,10202250800,2022_12_28_11_05_06
0.406,0.406,1023.219,10202250800,2022_12_28_11_05_06
0.403,0.403,1023.622,10202250800,2022_12_28_11_05_06
0.41,0.41,1024.032,10202250800,2022_12_28_11_05_06
0.407,0.407,1024.439,10202250800,2022_12_28_11_05_06
0.407,0.407,1024.846,10202250800,2022_12_28_11_05_06
0.406,0.406,1025.252,10202250800,2022_12_28_11_05_06
0.402,0.402,1025.654,10202250800,2022_12_28_11_05_06
0.405,0.405,1026.059,10202250800,2022_12_28_11_05_06
0.402,0.402,1026.461,10202250800,2022_12_28_11_05_06
0.407,0.407,1026.868,10202250800,2022_12_28_11_05_06
0.41,0.41,1027.278,10202250800,2022_12_28_11_05_06
0.405,0.405,1027.683,10202250800,2022_12_28_11_05_06
0.401,0.401,1028.084,10202250800,2022_12_28_11_05_06
0.408,0.408,1028.492,10202250800,2022_12_28_11_05_06
0.407,0.407,1028.899,10202250800,2022_12_28_11_05_06
0.406,0.406,1029.305,10202250800,2022_12_28_11_05_06
0.404,0.404,1029.709,10202250800,2022_12_28_11_05_06
0.4,0.4,1030.109,10202250800,2022_12_28_11_05_06
0.403,0.403,1030.512,10202250800,2022_12_28_11_05_06
0.408,0.408,1030.92,10202250800,2022_12_28_11_05_06
0.407,0.407,1031.327,10202250800,2022_12_28_11_05_06
0.409,0.409,1031.736,10202250800,2022_12_28_11_05_06
0.407,0.407,1032.143,10202250800,2022_12_28_11_05_06
0.407,0.407,1032.55,10202250800,2022_12_28_11_05_06
0.408,0.408,1032.958,10202250800,2022_12_28_11_05_06
0.408,0.408,1033.366,10202250800,2022_12_28_11_05_06
0.412,0.412,1033.778,10202250800,2022_12_28_11_05_06
0.412,0.412,1034.19,10202250800,2022_12_28_11_05_06
0.411,0.411,1034.601,10202250800,2022_12_28_11_05_06
0.411,0.411,1035.012,10202250800,2022_12_28_11_05_06
0.411,0.411,1035.423,10202250800,2022_12_28_11_05_06
0.414,0.414,1035.837,10202250800,2022_12_28_11_05_06
0.415,0.415,1036.252,10202250800,2022_12_28_11_05_06
0.41,0.41,1036.662,10202250800,2022_12_28_11_05_06
0.415,0.415,1037.077,10202250800,2022_12_28_11_05_06
0.413,0.413,1037.49,10202250800,2022_12_28_11_05_06
0.41,0.41,1037.9,10202250800,2022_12_28_11_05_06
0.419,0.419,1038.319,10202250800,2022_12_28_11_05_06
0.415,0.415,1038.734,10202250800,2022_12_28_11_05_06
0.417,0.417,1039.151,10202250800,2022_12_28_11_05_06
0.41,0.41,1039.561,10202250800,2022_12_28_11_05_06
0.833,0.833,1040.394,10202250800,2022_12_28_11_05_06
0.418,0.418,1040.812,10202250800,2022_12_28_11_05_06
0.413,0.413,1041.225,10202250800,2022_12_28_11_05_06
0.418,0.418,1041.643,10202250800,2022_12_28_11_05_06
0.419,0.419,1042.062,10202250800,2022_12_28_11_05_06
0.424,0.424,1042.486,10202250800,2022_12_28_11_05_06
0.418,0.418,1042.904,10202250800,2022_12_28_11_05_06
0.419,0.419,1043.323,10202250800,2022_12_28_11_05_06
0.422,0.422,1043.745,10202250800,2022_12_28_11_05_06
0.426,0.426,1044.171,10202250800,2022_12_28_11_05_06
0.423,0.423,1044.594,10202250800,2022_12_28_11_05_06
0.424,0.424,1045.018,10202250800,2022_12_28_11_05_06
0.425,0.425,1045.443,10202250800,2022_12_28_11_05_06
0.426,0.426,1045.869,10202250800,2022_12_28_11_05_06
0.425,0.425,1046.294,10202250800,2022_12_28_11_05_06
0.426,0.426,1046.72,10202250800,2022_12_28_11_05_06
0.426,0.426,1047.146,10202250800,2022_12_28_11_05_06
0.426,0.426,1047.572,10202250800,2022_12_28_11_05_06
0.429,0.429,1048.001,10202250800,2022_12_28_11_05_06
0.427,0.427,1048.428,10202250800,2022_12_28_11_05_06
0.432,0.432,1048.86,10202250800,2022_12_28_11_05_06
0.434,0.434,1049.294,10202250800,2022_12_28_11_05_06
0.438,0.438,1049.732,10202250800,2022_12_28_11_05_06
0.433,0.433,1050.165,10202250800,2022_12_28_11_05_06
0.441,0.441,1050.606,10202250800,2022_12_28_11_05_06
0.447,0.447,1051.053,10202250800,2022_12_28_11_05_06
0.453,0.453,1051.506,10202250800,2022_12_28_11_05_06
0.447,0.447,1051.953,10202250800,2022_12_28_11_05_06
0.455,0.455,1052.408,10202250800,2022_12_28_11_05_06
0.45,0.45,1052.858,10202250800,2022_12_28_11_05_06
0.461,0.461,1053.319,10202250800,2022_12_28_11_05_06
0.453,0.453,1053.772,10202250800,2022_12_28_11_05_06
0.45,0.45,1054.222,10202250800,2022_12_28_11_05_06
0.451,0.451,1054.673,10202250800,2022_12_28_11_05_06
0.448,0.448,1055.121,10202250800,2022_12_28_11_05_06
0.453,0.453,1055.574,10202250800,2022_12_28_11_05_06
0.926,0.926,1056.5,10202250800,2022_12_28_11_05_06
0.469,0.469,1056.969,10202250800,2022_12_28_11_05_06
0.465,0.465,1057.434,10202250800,2022_12_28_11_05_06
0.469,0.469,1057.903,10202250800,2022_12_28_11_05_06
0.938,0.938,1058.841,10202250800,2022_12_28_11_05_06
0.47,0.47,1059.311,10202250800,2022_12_28_11_05_06
0.463,0.463,1059.774,10202250800,2022_12_28_11_05_06
0.469,0.469,1060.243,10202250800,2022_12_28_11_05_06
0.947,0.947,1061.19,10202250800,2022_12_28_11_05_06
0.472,0.472,1061.662,10202250800,2022_12_28_11_05_06
0.472,0.472,1062.134,10202250800,2022_12_28_11_05_06
0.475,0.475,1062.609,10202250800,2022_12_28_11_05_06
0.484,0.484,1063.093,10202250800,2022_12_28_11_05_06
0.482,0.482,1063.575,10202250800,2022_12_28_11_05_06
0.483,0.483,1064.058,10202250800,2022_12_28_11_05_06
0.494,0.494,1064.552,10202250800,2022_12_28_11_05_06
0.496,0.496,1065.048,10202250800,2022_12_28_11_05_06
0.49,0.49,1065.538,10202250800,2022_12_28_11_05_06
0.995,0.995,1066.533,10202250800,2022_12_28_11_05_06
0.494,0.494,1067.027,10202250800,2022_12_28_11_05_06
0.478,0.478,1067.505,10202250800,2022_12_28_11_05_06
0.511,0.511,1068.016,10202250800,2022_12_28_11_05_06
0.493,0.493,1068.509,10202250800,2022_12_28_11_05_06
0.508,0.508,1069.017,10202250800,2022_12_28_11_05_06
0.504,0.504,1069.521,10202250800,2022_12_28_11_05_06
0.519,0.519,1070.04,10202250800,2022_12_28_11_05_06
0.529,0.529,1070.569,10202250800,2022_12_28_11_05_06
0.537,0.537,1071.106,10202250800,2022_12_28_11_05_06
0.561,0.561,1071.667,10202250800,2022_12_28_11_05_06
0.55,0.55,1072.217,10202250800,2022_12_28_11_05_06
0.554,0.554,1072.771,10202250800,2022_12_28_11_05_06
0.562,0.562,1073.333,10202250800,2022_12_28_11_05_06
0.553,0.553,1073.886,10202250800,2022_12_28_11_05_06
0.545,0.545,1074.431,10202250800,2022_12_28_11_05_06
1.086,1.086,1075.517,10202250800,2022_12_28_11_05_06
0.555,0.555,1076.072,10202250800,2022_12_28_11_05_06
0.559,0.559,1076.631,10202250800,2022_12_28_11_05_06
0.544,0.544,1077.175,10202250800,2022_12_28_11_05_06
0.534,0.534,1077.709,10202250800,2022_12_28_11_05_06
0.513,0.513,1078.222,10202250800,2022_12_28_11_05_06
0.521,0.521,1078.743,10202250800,2022_12_28_11_05_06
0.515,0.515,1079.258,10202250800,2022_12_28_11_05_06
0.516,0.516,1079.774,10202250800,2022_12_28_11_05_06
0.531,0.531,1080.305,10202250800,2022_12_28_11_05_06
0.549,0.549,1080.854,10202250800,2022_12_28_11_05_06
0.595,0.595,1081.449,10202250800,2022_12_28_11_05_06
0.575,0.575,1082.024,10202250800,2022_12_28_11_05_06
0.591,0.591,1082.615,10202250800,2022_12_28_11_05_06
0.59,0.59,1083.205,10202250800,2022_12_28_11_05_06
0.582,0.582,1083.787,10202250800,2022_12_28_11_05_06
0.578,0.578,1084.365,10202250800,2022_12_28_11_05_06
0.587,0.587,1084.952,10202250800,2022_12_28_11_05_06
0.579,0.579,1085.531,10202250800,2022_12_28_11_05_06
0.573,0.573,1086.104,10202250800,2022_12_28_11_05_06
0.576,0.576,1086.68,10202250800,2022_12_28_11_05_06
0.56,0.56,1087.24,10202250800,2022_12_28_11_05_06
0.557,0.557,1087.797,10202250800,2022_12_28_11_05_06
0.55,0.55,1088.347,10202250800,2022_12_28_11_05_06
0.551,0.551,1088.898,10202250800,2022_12_28_11_05_06
0.547,0.547,1089.445,10202250800,2022_12_28_11_05_06
0.541,0.541,1089.986,10202250800,2022_12_28_11_05_06
0.54,0.54,1090.526,10202250800,2022_12_28_11_05_06
0.528,0.528,1091.054,10202250800,2022_12_28_11_05_06
0.531,0.531,1091.585,10202250800,2022_12_28_11_05_06
0.544,0.544,1092.129,10202250800,2022_12_28_11_05_06
0.557,0.557,1092.686,10202250800,2022_12_28_11_05_06
0.572,0.572,1093.258,10202250800,2022_12_28_11_05_06
0.569,0.569,1093.827,10202250800,2022_12_28_11_05_06
0.572,0.572,1094.399,10202250800,2022_12_28_11_05_06
0.57,0.57,1094.969,10202250800,2022_12_28_11_05_06
0.564,0.564,1095.533,10202250800,2022_12_28_11_05_06
0.55,0.55,1096.083,10202250800,2022_12_28_11_05_06
0.55,0.55,1096.633,10202250800,2022_12_28_11_05_06
0.544,0.544,1097.177,10202250800,2022_12_28_11_05_06
0.544,0.544,1097.721,10202250800,2022_12_28_11_05_06
0.539,0.539,1098.26,10202250800,2022_12_28_11_05_06
0.543,0.543,1098.803,10202250800,2022_12_28_11_05_06
0.548,0.548,1099.351,10202250800,2022_12_28_11_05_06
0.547,0.547,1099.898,10202250800,2022_12_28_11_05_06
0.554,0.554,1100.452,10202250800,2022_12_28_11_05_06
0.54,0.54,1100.992,10202250800,2022_12_28_11_05_06
0.537,0.537,1101.529,10202250800,2022_12_28_11_05_06
0.531,0.531,1102.06,10202250800,2022_12_28_11_05_06
0.528,0.528,1102.588,10202250800,2022_12_28_11_05_06
0.544,0.544,1103.132,10202250800,2022_12_28_11_05_06
0.587,0.587,1103.719,10202250800,2022_12_28_11_05_06
0.715,0.715,1104.434,10202250800,2022_12_28_11_05_06
0.829,0.829,1105.263,10202250800,2022_12_28_11_05_06
0.77,0.77,1106.033,10202250800,2022_12_28_11_05_06
0.69,0.69,1106.723,10202250800,2022_12_28_11_05_06
0.642,0.642,1107.365,10202250800,2022_12_28_11_05_06
0.65,0.65,1108.015,10202250800,2022_12_28_11_05_06
0.641,0.641,1108.656,10202250800,2022_12_28_11_05_06
0.634,0.634,1109.29,10202250800,2022_12_28_11_05_06
1.226,1.226,1110.516,10202250800,2022_12_28_11_05_06
0.593,0.593,1111.109,10202250800,2022_12_28_11_05_06
0.586,0.586,1111.695,10202250800,2022_12_28_11_05_06
0.576,0.576,1112.271,10202250800,2022_12_28_11_05_06
0.558,0.558,1112.829,10202250800,2022_12_28_11_05_06
0.554,0.554,1113.383,10202250800,2022_12_28_11_05_06
0.545,0.545,1113.928,10202250800,2022_12_28_11_05_06
0.542,0.542,1114.47,10202250800,2022_12_28_11_05_06
0.533,0.533,1115.003,10202250800,2022_12_28_11_05_06
