"ID","altitude","cadence","distance","fractional_cadence","heart_rate","position_lat","position_long","speed","timestamp"
2019-11-03 19:50:45,-1,58,1.36,0.5,79,-1,-1,1.362,2019-11-03 19:23:14
2019-11-03 19:50:45,-1,58,2.72,0.5,79,-1,-1,1.362,2019-11-03 19:23:15
2019-11-03 19:50:45,-1,58,4.09,0.5,79,-1,-1,1.362,2019-11-03 19:23:16
2019-11-03 19:50:45,-1,58,5.45,0.5,79,-1,-1,1.362,2019-11-03 19:23:17
2019-11-03 19:50:45,-1,58,6.81,0.5,80,-1,-1,1.362,2019-11-03 19:23:18
2019-11-03 19:50:45,-1,58,8.64,0.5,81,-1,-1,1.829,2019-11-03 19:23:19
2019-11-03 19:50:45,-1,58,10.92,0.5,82,-1,-1,2.277,2019-11-03 19:23:20
2019-11-03 19:50:45,-1,58,13.19,0.5,82,-1,-1,2.277,2019-11-03 19:23:21
2019-11-03 19:50:45,-1,86,15.46,0,93,-1,-1,2.267,2019-11-03 19:23:22
2019-11-03 19:50:45,-1,86,19.01,0,113,-1,-1,3.546,2019-11-03 19:23:23
2019-11-03 19:50:45,-1,86,22.85,0,113,-1,-1,3.844,2019-11-03 19:23:24
2019-11-03 19:50:45,-1,87,26.81,0.5,113,-1,-1,3.956,2019-11-03 19:23:25
2019-11-03 19:50:45,-1,87,30.75,0.5,113,-1,-1,3.947,2019-11-03 19:23:26
2019-11-03 19:50:45,-1,87,34.71,0,113,-1,-1,3.956,2019-11-03 19:23:27
2019-11-03 19:50:45,-1,87,38.63,0,121,-1,-1,3.919,2019-11-03 19:23:28
2019-11-03 19:50:45,-1,87,42.53,0,121,-1,-1,3.9,2019-11-03 19:23:29
2019-11-03 19:50:45,-1,87,46.43,0,121,-1,-1,3.9,2019-11-03 19:23:30
2019-11-03 19:50:45,-1,87,50.21,0,126,-1,-1,3.779,2019-11-03 19:23:31
2019-11-03 19:50:45,-1,87,54.1,0,126,-1,-1,3.891,2019-11-03 19:23:32
2019-11-03 19:50:45,-1,87,58.02,0,132,-1,-1,3.919,2019-11-03 19:23:33
2019-11-03 19:50:45,-1,87,61.94,0,132,-1,-1,3.919,2019-11-03 19:23:34
2019-11-03 19:50:45,-1,87,65.85,0,132,-1,-1,3.919,2019-11-03 19:23:35
2019-11-03 19:50:45,-1,87,69.78,0,137,-1,-1,3.928,2019-11-03 19:23:36
2019-11-03 19:50:45,-1,87,73.72,0,137,-1,-1,3.928,2019-11-03 19:23:37
2019-11-03 19:50:45,-1,87,77.64,0,137,-1,-1,3.928,2019-11-03 19:23:38
2019-11-03 19:50:45,-1,87,81.53,0,137,-1,-1,3.891,2019-11-03 19:23:39
2019-11-03 19:50:45,-1,87,85.42,0,137,-1,-1,3.891,2019-11-03 19:23:40
2019-11-03 19:50:45,-1,87,89.33,0,141,-1,-1,3.9,2019-11-03 19:23:41
2019-11-03 19:50:45,-1,86,93.18,0.5,141,-1,-1,3.863,2019-11-03 19:23:42
2019-11-03 19:50:45,-1,85,96.81,0.5,141,-1,-1,3.63,2019-11-03 19:23:43
2019-11-03 19:50:45,-1,85,100.35,0.5,137,-1,-1,3.536,2019-11-03 19:23:44
2019-11-03 19:50:45,-1,85,103.83,0.5,131,-1,-1,3.48,2019-11-03 19:23:45
2019-11-03 19:50:45,-1,85,107.44,0.5,140,-1,-1,3.611,2019-11-03 19:23:46
2019-11-03 19:50:45,-1,85,111.12,0.5,140,-1,-1,3.676,2019-11-03 19:23:47
2019-11-03 19:50:45,-1,85,114.83,0.5,140,-1,-1,3.704,2019-11-03 19:23:48
2019-11-03 19:50:45,-1,86,118.52,0.5,140,-1,-1,3.695,2019-11-03 19:23:49
2019-11-03 19:50:45,-1,86,122.2,0.5,140,-1,-1,3.686,2019-11-03 19:23:50
2019-11-03 19:50:45,-1,86,125.87,0.5,140,-1,-1,3.667,2019-11-03 19:23:51
2019-11-03 19:50:45,-1,86,129.54,0.5,140,-1,-1,3.667,2019-11-03 19:23:52
2019-11-03 19:50:45,-1,86,133.18,0.5,136,-1,-1,3.639,2019-11-03 19:23:53
2019-11-03 19:50:45,-1,86,136.8,0.5,136,-1,-1,3.62,2019-11-03 19:23:54
2019-11-03 19:50:45,-1,86,140.41,0.5,136,-1,-1,3.611,2019-11-03 19:23:55
2019-11-03 19:50:45,-1,86,144.01,0.5,136,-1,-1,3.602,2019-11-03 19:23:56
2019-11-03 19:50:45,-1,86,147.68,0.5,140,-1,-1,3.667,2019-11-03 19:23:57
2019-11-03 19:50:45,-1,86,151.36,0.5,140,-1,-1,3.676,2019-11-03 19:23:58
2019-11-03 19:50:45,-1,86,155.07,0.5,140,-1,-1,3.723,2019-11-03 19:23:59
2019-11-03 19:50:45,-1,86,158.78,0.5,140,-1,-1,3.704,2019-11-03 19:24:00
2019-11-03 19:50:45,-1,86,162.41,0.5,138,-1,-1,3.63,2019-11-03 19:24:01
2019-11-03 19:50:45,-1,86,165.95,0.5,138,-1,-1,3.546,2019-11-03 19:24:02
2019-11-03 19:50:45,-1,85,169.51,0.5,136,-1,-1,3.555,2019-11-03 19:24:03
2019-11-03 19:50:45,-1,85,173.1,0.5,133,-1,-1,3.592,2019-11-03 19:24:04
2019-11-03 19:50:45,-1,86,176.83,0.5,133,-1,-1,3.723,2019-11-03 19:24:05
2019-11-03 19:50:45,-1,86,180.61,0.5,132,-1,-1,3.788,2019-11-03 19:24:06
2019-11-03 19:50:45,-1,85,184.43,0.5,132,-1,-1,3.816,2019-11-03 19:24:07
2019-11-03 19:50:45,-1,85,188.26,0.5,132,-1,-1,3.835,2019-11-03 19:24:08
2019-11-03 19:50:45,-1,85,192.06,0.5,132,-1,-1,3.798,2019-11-03 19:24:09
2019-11-03 19:50:45,-1,85,195.87,0.5,133,-1,-1,3.807,2019-11-03 19:24:10
2019-11-03 19:50:45,-1,86,199.62,0.5,133,-1,-1,3.751,2019-11-03 19:24:11
2019-11-03 19:50:45,-1,86,203.27,0.5,132,-1,-1,3.648,2019-11-03 19:24:12
2019-11-03 19:50:45,-1,86,206.62,0.5,132,-1,-1,3.35,2019-11-03 19:24:13
2019-11-03 19:50:45,-1,85,209.36,0.5,132,-1,-1,2.743,2019-11-03 19:24:14
2019-11-03 19:50:45,-1,85,211.86,0.5,131,-1,-1,2.501,2019-11-03 19:24:15
2019-11-03 19:50:45,-1,85,215.08,0.5,131,-1,-1,3.219,2019-11-03 19:24:16
2019-11-03 19:50:45,-1,85,218.3,0.5,131,-1,-1,3.219,2019-11-03 19:24:17
2019-11-03 19:50:45,-1,86,221.7,0,131,-1,-1,3.406,2019-11-03 19:24:18
2019-11-03 19:50:45,-1,86,225.18,0,130,-1,-1,3.471,2019-11-03 19:24:19
2019-11-03 19:50:45,-1,84,228.68,0.5,135,-1,-1,3.508,2019-11-03 19:24:20
2019-11-03 19:50:45,-1,84,232.04,0.5,140,-1,-1,3.359,2019-11-03 19:24:21
2019-11-03 19:50:45,-1,85,235.4,0,140,-1,-1,3.359,2019-11-03 19:24:22
2019-11-03 19:50:45,-1,85,238.71,0,140,-1,-1,3.312,2019-11-03 19:24:23
2019-11-03 19:50:45,-1,85,242.26,0,140,-1,-1,3.546,2019-11-03 19:24:24
2019-11-03 19:50:45,-1,85,246.08,0,140,-1,-1,3.816,2019-11-03 19:24:25
2019-11-03 19:50:45,-1,85,249.91,0,139,-1,-1,3.835,2019-11-03 19:24:26
2019-11-03 19:50:45,-1,85,253.75,0,142,-1,-1,3.835,2019-11-03 19:24:27
2019-11-03 19:50:45,-1,85,257.49,0,142,-1,-1,3.742,2019-11-03 19:24:28
2019-11-03 19:50:45,-1,84,261.17,0.5,140,-1,-1,3.686,2019-11-03 19:24:29
2019-11-03 19:50:45,-1,84,264.81,0.5,137,-1,-1,3.639,2019-11-03 19:24:30
2019-11-03 19:50:45,-1,84,268.44,0.5,135,-1,-1,3.63,2019-11-03 19:24:31
2019-11-03 19:50:45,-1,84,272.46,0.5,134,-1,-1,4.022,2019-11-03 19:24:32
2019-11-03 19:50:45,-1,83,276.35,0.5,134,-1,-1,3.891,2019-11-03 19:24:33
2019-11-03 19:50:45,-1,83,280.2,0.5,134,-1,-1,3.844,2019-11-03 19:24:34
2019-11-03 19:50:45,-1,83,284.01,0.5,134,-1,-1,3.807,2019-11-03 19:24:35
2019-11-03 19:50:45,-1,83,287.76,0.5,134,-1,-1,3.751,2019-11-03 19:24:36
2019-11-03 19:50:45,-1,83,291.45,0.5,134,-1,-1,3.695,2019-11-03 19:24:37
2019-11-03 19:50:45,-1,83,295.11,0.5,133,-1,-1,3.658,2019-11-03 19:24:38
2019-11-03 19:50:45,-1,84,298.75,0.5,133,-1,-1,3.639,2019-11-03 19:24:39
2019-11-03 19:50:45,-1,84,302.37,0.5,138,-1,-1,3.62,2019-11-03 19:24:40
2019-11-03 19:50:45,-1,85,305.91,0.5,142,-1,-1,3.546,2019-11-03 19:24:41
2019-11-03 19:50:45,-1,85,309.33,0.5,142,-1,-1,3.415,2019-11-03 19:24:42
2019-11-03 19:50:45,-1,85,312.73,0.5,140,-1,-1,3.406,2019-11-03 19:24:43
2019-11-03 19:50:45,-1,85,316.13,0.5,140,-1,-1,3.396,2019-11-03 19:24:44
2019-11-03 19:50:45,-1,85,319.58,0.5,140,-1,-1,3.443,2019-11-03 19:24:45
2019-11-03 19:50:45,-1,86,323.07,0.5,140,-1,-1,3.499,2019-11-03 19:24:46
2019-11-03 19:50:45,-1,85,326.61,0.5,140,-1,-1,3.536,2019-11-03 19:24:47
2019-11-03 19:50:45,-1,85,330.21,0.5,145,-1,-1,3.602,2019-11-03 19:24:48
2019-11-03 19:50:45,-1,85,333.86,0.5,143,-1,-1,3.648,2019-11-03 19:24:49
2019-11-03 19:50:45,-1,85,337.57,0.5,142,-1,-1,3.714,2019-11-03 19:24:50
2019-11-03 19:50:45,-1,85,341.21,0.5,146,-1,-1,3.639,2019-11-03 19:24:51
2019-11-03 19:50:45,-1,85,344.67,0.5,145,-1,-1,3.462,2019-11-03 19:24:52
2019-11-03 19:50:45,-1,85,347.86,0.5,145,-1,-1,3.191,2019-11-03 19:24:53
2019-11-03 19:50:45,-1,85,351.07,0.5,145,-1,-1,3.21,2019-11-03 19:24:54
2019-11-03 19:50:45,-1,85,354.35,0.5,143,-1,-1,3.275,2019-11-03 19:24:55
2019-11-03 19:50:45,-1,86,357.62,0.5,143,-1,-1,3.275,2019-11-03 19:24:56
2019-11-03 19:50:45,-1,86,360.9,0.5,140,-1,-1,3.275,2019-11-03 19:24:57
2019-11-03 19:50:45,-1,86,364.18,0.5,139,-1,-1,3.284,2019-11-03 19:24:58
2019-11-03 19:50:45,-1,85,367.51,0.5,139,-1,-1,3.322,2019-11-03 19:24:59
2019-11-03 19:50:45,-1,86,370.92,0.5,138,-1,-1,3.415,2019-11-03 19:25:00
2019-11-03 19:50:45,-1,85,374.56,0.5,138,-1,-1,3.639,2019-11-03 19:25:01
2019-11-03 19:50:45,-1,85,378.37,0.5,137,-1,-1,3.807,2019-11-03 19:25:02
2019-11-03 19:50:45,-1,85,382.03,0.5,144,-1,-1,3.667,2019-11-03 19:25:03
2019-11-03 19:50:45,-1,84,385.66,0.5,146,-1,-1,3.63,2019-11-03 19:25:04
2019-11-03 19:50:45,-1,84,389.28,0.5,144,-1,-1,3.62,2019-11-03 19:25:05
2019-11-03 19:50:45,-1,84,393,0.5,142,-1,-1,3.714,2019-11-03 19:25:06
2019-11-03 19:50:45,-1,84,396.75,0.5,142,-1,-1,3.751,2019-11-03 19:25:07
2019-11-03 19:50:45,-1,84,400.56,0.5,141,-1,-1,3.807,2019-11-03 19:25:08
2019-11-03 19:50:45,-1,84,404.2,0.5,142,-1,-1,3.648,2019-11-03 19:25:09
2019-11-03 19:50:45,-1,83,407.76,0.5,141,-1,-1,3.555,2019-11-03 19:25:10
2019-11-03 19:50:45,-1,83,411.18,0.5,139,-1,-1,3.415,2019-11-03 19:25:11
2019-11-03 19:50:45,-1,83,414.62,0.5,139,-1,-1,3.443,2019-11-03 19:25:12
2019-11-03 19:50:45,-1,83,418.1,0.5,138,-1,-1,3.48,2019-11-03 19:25:13
2019-11-03 19:50:45,-1,83,421.61,0.5,139,-1,-1,3.508,2019-11-03 19:25:14
2019-11-03 19:50:45,-1,84,425.13,0,139,-1,-1,3.527,2019-11-03 19:25:15
2019-11-03 19:50:45,-1,84,428.63,0.5,138,-1,-1,3.499,2019-11-03 19:25:16
2019-11-03 19:50:45,-1,84,432.13,0.5,138,-1,-1,3.499,2019-11-03 19:25:17
2019-11-03 19:50:45,-1,84,435.66,0.5,138,-1,-1,3.527,2019-11-03 19:25:18
2019-11-03 19:50:45,-1,85,439.37,0.5,138,-1,-1,3.714,2019-11-03 19:25:19
2019-11-03 19:50:45,-1,85,443.08,0.5,138,-1,-1,3.714,2019-11-03 19:25:20
2019-11-03 19:50:45,-1,85,446.87,0.5,136,-1,-1,3.788,2019-11-03 19:25:21
2019-11-03 19:50:45,-1,85,450.7,0.5,136,-1,-1,3.826,2019-11-03 19:25:22
2019-11-03 19:50:45,-1,85,454.53,0.5,136,-1,-1,3.826,2019-11-03 19:25:23
2019-11-03 19:50:45,-1,85,458.36,0.5,135,-1,-1,3.835,2019-11-03 19:25:24
2019-11-03 19:50:45,-1,85,462.17,0.5,135,-1,-1,3.807,2019-11-03 19:25:25
2019-11-03 19:50:45,-1,85,466,0.5,135,-1,-1,3.835,2019-11-03 19:25:26
2019-11-03 19:50:45,-1,85,469.84,0.5,135,-1,-1,3.844,2019-11-03 19:25:27
2019-11-03 19:50:45,-1,85,473.7,0.5,136,-1,-1,3.854,2019-11-03 19:25:28
2019-11-03 19:50:45,-1,84,477.56,0.5,136,-1,-1,3.863,2019-11-03 19:25:29
2019-11-03 19:50:45,-1,84,481.41,0.5,136,-1,-1,3.854,2019-11-03 19:25:30
2019-11-03 19:50:45,-1,84,485.22,0.5,136,-1,-1,3.798,2019-11-03 19:25:31
2019-11-03 19:50:45,-1,85,488.88,0.5,136,-1,-1,3.667,2019-11-03 19:25:32
2019-11-03 19:50:45,-1,85,492.51,0.5,136,-1,-1,3.63,2019-11-03 19:25:33
2019-11-03 19:50:45,-1,85,496.14,0.5,136,-1,-1,3.63,2019-11-03 19:25:34
2019-11-03 19:50:45,-1,85,499.76,0.5,140,-1,-1,3.62,2019-11-03 19:25:35
2019-11-03 19:50:45,-1,85,503.15,0.5,139,-1,-1,3.387,2019-11-03 19:25:36
2019-11-03 19:50:45,-1,85,506.4,0.5,139,-1,-1,3.256,2019-11-03 19:25:37
2019-11-03 19:50:45,-1,0,506.4,0,138,-1,-1,0,2019-11-03 19:25:38
2019-11-03 19:50:45,-1,0,506.4,0,138,-1,-1,0,2019-11-03 19:25:39
2019-11-03 19:50:45,-1,84,506.4,0,138,-1,-1,0,2019-11-03 19:25:40
2019-11-03 19:50:45,-1,84,509.39,0,138,-1,-1,2.986,2019-11-03 19:25:41
2019-11-03 19:50:45,-1,84,512.52,0,142,-1,-1,3.135,2019-11-03 19:25:42
2019-11-03 19:50:45,-1,84,515.96,0,142,-1,-1,3.443,2019-11-03 19:25:43
2019-11-03 19:50:45,-1,84,519.57,0,141,-1,-1,3.602,2019-11-03 19:25:44
2019-11-03 19:50:45,-1,84,523.33,0,141,-1,-1,3.77,2019-11-03 19:25:45
2019-11-03 19:50:45,-1,86,526.9,0,141,-1,-1,3.564,2019-11-03 19:25:46
2019-11-03 19:50:45,-1,86,530.5,0,145,-1,-1,3.602,2019-11-03 19:25:47
2019-11-03 19:50:45,-1,86,534.08,0,145,-1,-1,3.574,2019-11-03 19:25:48
2019-11-03 19:50:45,-1,85,537.74,0.5,144,-1,-1,3.658,2019-11-03 19:25:49
2019-11-03 19:50:45,-1,85,541.39,0.5,146,-1,-1,3.658,2019-11-03 19:25:50
2019-11-03 19:50:45,-1,85,544.99,0.5,149,-1,-1,3.602,2019-11-03 19:25:51
2019-11-03 19:50:45,-1,86,548.61,0.5,148,-1,-1,3.62,2019-11-03 19:25:52
2019-11-03 19:50:45,-1,86,552.22,0.5,148,-1,-1,3.602,2019-11-03 19:25:53
2019-11-03 19:50:45,-1,86,555.89,0.5,148,-1,-1,3.676,2019-11-03 19:25:54
2019-11-03 19:50:45,-1,86,559.6,0.5,146,-1,-1,3.714,2019-11-03 19:25:55
2019-11-03 19:50:45,-1,86,563.32,0.5,145,-1,-1,3.714,2019-11-03 19:25:56
2019-11-03 19:50:45,-1,86,567.02,0.5,145,-1,-1,3.704,2019-11-03 19:25:57
2019-11-03 19:50:45,-1,85,570.72,0.5,148,-1,-1,3.695,2019-11-03 19:25:58
2019-11-03 19:50:45,-1,85,574.4,0.5,147,-1,-1,3.686,2019-11-03 19:25:59
2019-11-03 19:50:45,-1,86,578.09,0.5,147,-1,-1,3.686,2019-11-03 19:26:00
2019-11-03 19:50:45,-1,85,581.77,0.5,147,-1,-1,3.686,2019-11-03 19:26:01
2019-11-03 19:50:45,-1,85,585.46,0.5,146,-1,-1,3.686,2019-11-03 19:26:02
2019-11-03 19:50:45,-1,85,589.17,0.5,144,-1,-1,3.714,2019-11-03 19:26:03
2019-11-03 19:50:45,-1,85,592.89,0.5,144,-1,-1,3.714,2019-11-03 19:26:04
2019-11-03 19:50:45,-1,85,596.62,0.5,147,-1,-1,3.732,2019-11-03 19:26:05
2019-11-03 19:50:45,-1,85,600.36,0.5,147,-1,-1,3.742,2019-11-03 19:26:06
2019-11-03 19:50:45,-1,85,604.04,0.5,147,-1,-1,3.676,2019-11-03 19:26:07
2019-11-03 19:50:45,-1,85,607.56,0.5,145,-1,-1,3.527,2019-11-03 19:26:08
2019-11-03 19:50:45,-1,85,610.99,0.5,143,-1,-1,3.424,2019-11-03 19:26:09
2019-11-03 19:50:45,-1,85,614.45,0.5,142,-1,-1,3.462,2019-11-03 19:26:10
2019-11-03 19:50:45,-1,85,617.93,0.5,142,-1,-1,3.48,2019-11-03 19:26:11
2019-11-03 19:50:45,-1,85,621.43,0.5,142,-1,-1,3.499,2019-11-03 19:26:12
2019-11-03 19:50:45,-1,85,624.95,0.5,142,-1,-1,3.518,2019-11-03 19:26:13
2019-11-03 19:50:45,-1,85,628.52,0.5,142,-1,-1,3.574,2019-11-03 19:26:14
2019-11-03 19:50:45,-1,86,632.13,0.5,142,-1,-1,3.611,2019-11-03 19:26:15
2019-11-03 19:50:45,-1,86,635.87,0.5,139,-1,-1,3.742,2019-11-03 19:26:16
2019-11-03 19:50:45,-1,85,639.67,0.5,138,-1,-1,3.798,2019-11-03 19:26:17
2019-11-03 19:50:45,-1,84,643.51,0.5,138,-1,-1,3.844,2019-11-03 19:26:18
2019-11-03 19:50:45,-1,84,647.33,0.5,137,-1,-1,3.816,2019-11-03 19:26:19
2019-11-03 19:50:45,-1,84,651.16,0.5,137,-1,-1,3.826,2019-11-03 19:26:20
2019-11-03 19:50:45,-1,85,654.99,0.5,137,-1,-1,3.826,2019-11-03 19:26:21
2019-11-03 19:50:45,-1,85,658.81,0.5,137,-1,-1,3.826,2019-11-03 19:26:22
2019-11-03 19:50:45,-1,85,662.65,0.5,138,-1,-1,3.835,2019-11-03 19:26:23
2019-11-03 19:50:45,-1,85,666.48,0.5,142,-1,-1,3.835,2019-11-03 19:26:24
2019-11-03 19:50:45,-1,85,670.31,0.5,146,-1,-1,3.835,2019-11-03 19:26:25
2019-11-03 19:50:45,-1,85,674.15,0.5,146,-1,-1,3.835,2019-11-03 19:26:26
2019-11-03 19:50:45,-1,85,677.95,0.5,146,-1,-1,3.807,2019-11-03 19:26:27
2019-11-03 19:50:45,-1,85,681.74,0.5,151,-1,-1,3.788,2019-11-03 19:26:28
2019-11-03 19:50:45,-1,85,685.53,0.5,151,-1,-1,3.788,2019-11-03 19:26:29
2019-11-03 19:50:45,-1,85,689.3,0.5,151,-1,-1,3.77,2019-11-03 19:26:30
2019-11-03 19:50:45,-1,85,693.04,0.5,151,-1,-1,3.732,2019-11-03 19:26:31
2019-11-03 19:50:45,-1,85,696.73,0.5,151,-1,-1,3.695,2019-11-03 19:26:32
2019-11-03 19:50:45,-1,85,700.33,0.5,168,-1,-1,3.602,2019-11-03 19:26:33
2019-11-03 19:50:45,-1,84,703.73,0.5,168,-1,-1,3.396,2019-11-03 19:26:34
2019-11-03 19:50:45,-1,84,707.04,0.5,170,-1,-1,3.312,2019-11-03 19:26:35
2019-11-03 19:50:45,-1,84,710.33,0.5,165,-1,-1,3.294,2019-11-03 19:26:36
2019-11-03 19:50:45,-1,84,713.63,0.5,165,-1,-1,3.294,2019-11-03 19:26:37
2019-11-03 19:50:45,-1,85,716.98,0.5,165,-1,-1,3.359,2019-11-03 19:26:38
2019-11-03 19:50:45,-1,87,720.34,0,165,-1,-1,3.359,2019-11-03 19:26:39
2019-11-03 19:50:45,-1,87,723.7,0,165,-1,-1,3.359,2019-11-03 19:26:40
2019-11-03 19:50:45,-1,87,727.07,0,165,-1,-1,3.368,2019-11-03 19:26:41
2019-11-03 19:50:45,-1,87,730.43,0,165,-1,-1,3.359,2019-11-03 19:26:42
2019-11-03 19:50:45,-1,86,733.84,0.5,169,-1,-1,3.406,2019-11-03 19:26:43
2019-11-03 19:50:45,-1,86,737.24,0.5,169,-1,-1,3.406,2019-11-03 19:26:44
2019-11-03 19:50:45,-1,86,740.78,0.5,169,-1,-1,3.536,2019-11-03 19:26:45
2019-11-03 19:50:45,-1,86,744.38,0.5,173,-1,-1,3.602,2019-11-03 19:26:46
2019-11-03 19:50:45,-1,85,747.98,0.5,173,-1,-1,3.602,2019-11-03 19:26:47
2019-11-03 19:50:45,-1,85,751.47,0.5,173,-1,-1,3.49,2019-11-03 19:26:48
2019-11-03 19:50:45,-1,84,754.85,0.5,173,-1,-1,3.378,2019-11-03 19:26:49
2019-11-03 19:50:45,-1,84,758.11,0.5,173,-1,-1,3.266,2019-11-03 19:26:50
2019-11-03 19:50:45,-1,84,761.36,0.5,164,-1,-1,3.247,2019-11-03 19:26:51
2019-11-03 19:50:45,-1,85,764.46,0.5,164,-1,-1,3.098,2019-11-03 19:26:52
2019-11-03 19:50:45,-1,86,767.56,0.5,164,-1,-1,3.098,2019-11-03 19:26:53
2019-11-03 19:50:45,-1,86,770.61,0.5,156,-1,-1,3.051,2019-11-03 19:26:54
2019-11-03 19:50:45,-1,86,773.75,0.5,151,-1,-1,3.144,2019-11-03 19:26:55
2019-11-03 19:50:45,-1,86,776.92,0.5,151,-1,-1,3.172,2019-11-03 19:26:56
2019-11-03 19:50:45,-1,87,780,0,151,-1,-1,3.079,2019-11-03 19:26:57
2019-11-03 19:50:45,-1,87,783.09,0,146,-1,-1,3.088,2019-11-03 19:26:58
2019-11-03 19:50:45,-1,87,786.26,0,146,-1,-1,3.163,2019-11-03 19:26:59
2019-11-03 19:50:45,-1,87,789.51,0,146,-1,-1,3.256,2019-11-03 19:27:00
2019-11-03 19:50:45,-1,86,792.94,0.5,146,-1,-1,3.434,2019-11-03 19:27:01
2019-11-03 19:50:45,-1,86,796.38,0.5,146,-1,-1,3.434,2019-11-03 19:27:02
2019-11-03 19:50:45,-1,86,799.83,0.5,144,-1,-1,3.452,2019-11-03 19:27:03
2019-11-03 19:50:45,-1,85,803.31,0.5,141,-1,-1,3.48,2019-11-03 19:27:04
2019-11-03 19:50:45,-1,85,806.83,0.5,141,-1,-1,3.518,2019-11-03 19:27:05
2019-11-03 19:50:45,-1,85,810.44,0.5,143,-1,-1,3.611,2019-11-03 19:27:06
2019-11-03 19:50:45,-1,85,814.05,0.5,143,-1,-1,3.611,2019-11-03 19:27:07
2019-11-03 19:50:45,-1,84,817.67,0.5,143,-1,-1,3.611,2019-11-03 19:27:08
2019-11-03 19:50:45,-1,84,821.28,0.5,143,-1,-1,3.62,2019-11-03 19:27:09
2019-11-03 19:50:45,-1,84,824.89,0.5,143,-1,-1,3.602,2019-11-03 19:27:10
2019-11-03 19:50:45,-1,84,828.46,0.5,145,-1,-1,3.574,2019-11-03 19:27:11
2019-11-03 19:50:45,-1,84,832.01,0.5,145,-1,-1,3.546,2019-11-03 19:27:12
2019-11-03 19:50:45,-1,84,835.54,0.5,149,-1,-1,3.536,2019-11-03 19:27:13
2019-11-03 19:50:45,-1,84,839.08,0.5,149,-1,-1,3.536,2019-11-03 19:27:14
2019-11-03 19:50:45,-1,85,842.61,0.5,149,-1,-1,3.536,2019-11-03 19:27:15
2019-11-03 19:50:45,-1,85,846.16,0.5,149,-1,-1,3.546,2019-11-03 19:27:16
2019-11-03 19:50:45,-1,85,849.7,0.5,149,-1,-1,3.546,2019-11-03 19:27:17
2019-11-03 19:50:45,-1,85,853.24,0.5,149,-1,-1,3.536,2019-11-03 19:27:18
2019-11-03 19:50:45,-1,85,856.59,0.5,149,-1,-1,3.35,2019-11-03 19:27:19
2019-11-03 19:50:45,-1,84,859.94,0.5,145,-1,-1,3.35,2019-11-03 19:27:20
2019-11-03 19:50:45,-1,84,863.29,0.5,145,-1,-1,3.35,2019-11-03 19:27:21
2019-11-03 19:50:45,-1,84,866.78,0.5,145,-1,-1,3.49,2019-11-03 19:27:22
2019-11-03 19:50:45,-1,84,870.29,0.5,147,-1,-1,3.508,2019-11-03 19:27:23
2019-11-03 19:50:45,-1,85,873.79,0.5,145,-1,-1,3.499,2019-11-03 19:27:24
2019-11-03 19:50:45,-1,85,877.29,0.5,142,-1,-1,3.508,2019-11-03 19:27:25
2019-11-03 19:50:45,-1,85,880.81,0.5,142,-1,-1,3.508,2019-11-03 19:27:26
2019-11-03 19:50:45,-1,85,884.28,0.5,141,-1,-1,3.471,2019-11-03 19:27:27
2019-11-03 19:50:45,-1,85,887.76,0.5,141,-1,-1,3.48,2019-11-03 19:27:28
2019-11-03 19:50:45,-1,85,891.26,0.5,140,-1,-1,3.508,2019-11-03 19:27:29
2019-11-03 19:50:45,-1,85,894.74,0.5,140,-1,-1,3.48,2019-11-03 19:27:30
2019-11-03 19:50:45,-1,86,898.22,0.5,140,-1,-1,3.48,2019-11-03 19:27:31
2019-11-03 19:50:45,-1,86,901.72,0.5,140,-1,-1,3.499,2019-11-03 19:27:32
2019-11-03 19:50:45,-1,85,905.23,0.5,140,-1,-1,3.508,2019-11-03 19:27:33
2019-11-03 19:50:45,-1,85,908.74,0.5,140,-1,-1,3.508,2019-11-03 19:27:34
2019-11-03 19:50:45,-1,85,912.2,0.5,139,-1,-1,3.462,2019-11-03 19:27:35
2019-11-03 19:50:45,-1,85,915.62,0.5,139,-1,-1,3.424,2019-11-03 19:27:36
2019-11-03 19:50:45,-1,84,918.97,0.5,138,-1,-1,3.34,2019-11-03 19:27:37
2019-11-03 19:50:45,-1,84,922.09,0.5,138,-1,-1,3.126,2019-11-03 19:27:38
2019-11-03 19:50:45,-1,84,925.12,0.5,137,-1,-1,3.032,2019-11-03 19:27:39
2019-11-03 19:50:45,-1,85,928.36,0.5,136,-1,-1,3.238,2019-11-03 19:27:40
2019-11-03 19:50:45,-1,85,931.6,0.5,136,-1,-1,3.238,2019-11-03 19:27:41
2019-11-03 19:50:45,-1,86,934.95,0.5,136,-1,-1,3.35,2019-11-03 19:27:42
2019-11-03 19:50:45,-1,86,938.3,0.5,136,-1,-1,3.35,2019-11-03 19:27:43
2019-11-03 19:50:45,-1,86,941.65,0.5,136,-1,-1,3.35,2019-11-03 19:27:44
2019-11-03 19:50:45,-1,85,944.99,0.5,136,-1,-1,3.34,2019-11-03 19:27:45
2019-11-03 19:50:45,-1,85,948.33,0.5,136,-1,-1,3.34,2019-11-03 19:27:46
2019-11-03 19:50:45,-1,86,951.86,0,143,-1,-1,3.527,2019-11-03 19:27:47
2019-11-03 19:50:45,-1,86,955.45,0,147,-1,-1,3.592,2019-11-03 19:27:48
2019-11-03 19:50:45,-1,86,959.09,0,147,-1,-1,3.639,2019-11-03 19:27:49
2019-11-03 19:50:45,-1,85,962.7,0.5,147,-1,-1,3.611,2019-11-03 19:27:50
2019-11-03 19:50:45,-1,85,966.28,0.5,147,-1,-1,3.583,2019-11-03 19:27:51
2019-11-03 19:50:45,-1,85,969.8,0.5,145,-1,-1,3.518,2019-11-03 19:27:52
2019-11-03 19:50:45,-1,85,973.32,0.5,145,-1,-1,3.518,2019-11-03 19:27:53
2019-11-03 19:50:45,-1,85,976.77,0.5,145,-1,-1,3.452,2019-11-03 19:27:54
2019-11-03 19:50:45,-1,85,980.09,0.5,145,-1,-1,3.322,2019-11-03 19:27:55
2019-11-03 19:50:45,-1,85,983.42,0.5,145,-1,-1,3.331,2019-11-03 19:27:56
2019-11-03 19:50:45,-1,85,986.54,0.5,154,-1,-1,3.116,2019-11-03 19:27:57
2019-11-03 19:50:45,-1,85,989.25,0.5,154,-1,-1,2.706,2019-11-03 19:27:58
2019-11-03 19:50:45,-1,86,991.38,0.5,154,-1,-1,2.137,2019-11-03 19:27:59
2019-11-03 19:50:45,-1,86,993.91,0.5,154,-1,-1,2.529,2019-11-03 19:28:00
2019-11-03 19:50:45,-1,86,997.11,0.5,154,-1,-1,3.2,2019-11-03 19:28:01
2019-11-03 19:50:45,-1,86,1000.31,0.5,154,-1,-1,3.2,2019-11-03 19:28:02
2019-11-03 19:50:45,-1,86,1003.63,0.5,154,-1,-1,3.322,2019-11-03 19:28:03
2019-11-03 19:50:45,-1,86,1006.47,0.5,154,-1,-1,2.837,2019-11-03 19:28:04
2019-11-03 19:50:45,-1,86,1009.28,0.5,152,-1,-1,2.809,2019-11-03 19:28:05
2019-11-03 19:50:45,-1,86,1012.09,0.5,152,-1,-1,2.809,2019-11-03 19:28:06
2019-11-03 19:50:45,-1,86,1015.01,0.5,152,-1,-1,2.921,2019-11-03 19:28:07
2019-11-03 19:50:45,-1,86,1017.98,0.5,149,-1,-1,2.976,2019-11-03 19:28:08
2019-11-03 19:50:45,-1,87,1021.16,0,149,-1,-1,3.172,2019-11-03 19:28:09
2019-11-03 19:50:45,-1,87,1024.33,0,149,-1,-1,3.172,2019-11-03 19:28:10
2019-11-03 19:50:45,-1,86,1027.62,0.5,149,-1,-1,3.294,2019-11-03 19:28:11
2019-11-03 19:50:45,-1,85,1030.87,0.5,149,-1,-1,3.247,2019-11-03 19:28:12
2019-11-03 19:50:45,-1,85,1034.12,0.5,148,-1,-1,3.247,2019-11-03 19:28:13
2019-11-03 19:50:45,-1,85,1037.34,0.5,145,-1,-1,3.219,2019-11-03 19:28:14
2019-11-03 19:50:45,-1,85,1040.53,0.5,145,-1,-1,3.191,2019-11-03 19:28:15
2019-11-03 19:50:45,-1,84,1043.92,0.5,144,-1,-1,3.396,2019-11-03 19:28:16
2019-11-03 19:50:45,-1,84,1047.32,0.5,144,-1,-1,3.396,2019-11-03 19:28:17
2019-11-03 19:50:45,-1,84,1050.67,0.5,144,-1,-1,3.35,2019-11-03 19:28:18
2019-11-03 19:50:45,-1,86,1053.93,0.5,144,-1,-1,3.256,2019-11-03 19:28:19
2019-11-03 19:50:45,-1,86,1057.13,0.5,144,-1,-1,3.2,2019-11-03 19:28:20
2019-11-03 19:50:45,-1,86,1060.39,0,144,-1,-1,3.266,2019-11-03 19:28:21
2019-11-03 19:50:45,-1,85,1063.69,0.5,146,-1,-1,3.303,2019-11-03 19:28:22
2019-11-03 19:50:45,-1,85,1067,0.5,146,-1,-1,3.303,2019-11-03 19:28:23
2019-11-03 19:50:45,-1,85,1070.25,0.5,163,-1,-1,3.256,2019-11-03 19:28:24
2019-11-03 19:50:45,-1,85,1073.46,0.5,171,-1,-1,3.2,2019-11-03 19:28:25
2019-11-03 19:50:45,-1,85,1076.66,0.5,171,-1,-1,3.2,2019-11-03 19:28:26
2019-11-03 19:50:45,-1,84,1079.82,0.5,167,-1,-1,3.163,2019-11-03 19:28:27
2019-11-03 19:50:45,-1,84,1083.19,0.5,167,-1,-1,3.368,2019-11-03 19:28:28
2019-11-03 19:50:45,-1,85,1086.55,0.5,160,-1,-1,3.368,2019-11-03 19:28:29
2019-11-03 19:50:45,-1,85,1090.06,0.5,157,-1,-1,3.508,2019-11-03 19:28:30
2019-11-03 19:50:45,-1,85,1093.53,0.5,157,-1,-1,3.471,2019-11-03 19:28:31
2019-11-03 19:50:45,-1,85,1097.01,0.5,164,-1,-1,3.471,2019-11-03 19:28:32
2019-11-03 19:50:45,-1,84,1100.45,0.5,164,-1,-1,3.443,2019-11-03 19:28:33
2019-11-03 19:50:45,-1,84,1103.79,0.5,164,-1,-1,3.34,2019-11-03 19:28:34
2019-11-03 19:50:45,-1,84,1107.13,0.5,164,-1,-1,3.34,2019-11-03 19:28:35
2019-11-03 19:50:45,-1,84,1110.45,0.5,161,-1,-1,3.322,2019-11-03 19:28:36
2019-11-03 19:50:45,-1,84,1113.63,0.5,157,-1,-1,3.172,2019-11-03 19:28:37
2019-11-03 19:50:45,-1,84,1116.8,0.5,157,-1,-1,3.172,2019-11-03 19:28:38
2019-11-03 19:50:45,-1,84,1119.9,0.5,157,-1,-1,3.107,2019-11-03 19:28:39
2019-11-03 19:50:45,-1,84,1123.07,0.5,157,-1,-1,3.163,2019-11-03 19:28:40
2019-11-03 19:50:45,-1,84,1126.35,0.5,156,-1,-1,3.284,2019-11-03 19:28:41
2019-11-03 19:50:45,-1,84,1129.64,0.5,156,-1,-1,3.284,2019-11-03 19:28:42
2019-11-03 19:50:45,-1,84,1132.91,0.5,156,-1,-1,3.275,2019-11-03 19:28:43
2019-11-03 19:50:45,-1,83,1136.21,0.5,156,-1,-1,3.303,2019-11-03 19:28:44
2019-11-03 19:50:45,-1,83,1139.59,0.5,156,-1,-1,3.368,2019-11-03 19:28:45
2019-11-03 19:50:45,-1,84,1142.95,0.5,156,-1,-1,3.368,2019-11-03 19:28:46
2019-11-03 19:50:45,-1,84,1146.42,0.5,156,-1,-1,3.471,2019-11-03 19:28:47
2019-11-03 19:50:45,-1,83,1150.17,0.5,156,-1,-1,3.751,2019-11-03 19:28:48
2019-11-03 19:50:45,-1,83,1153.92,0.5,156,-1,-1,3.751,2019-11-03 19:28:49
2019-11-03 19:50:45,-1,83,1157.69,0.5,156,-1,-1,3.76,2019-11-03 19:28:50
2019-11-03 19:50:45,-1,84,1161.34,0.5,154,-1,-1,3.658,2019-11-03 19:28:51
2019-11-03 19:50:45,-1,84,1165,0.5,154,-1,-1,3.658,2019-11-03 19:28:52
2019-11-03 19:50:45,-1,84,1168.6,0.5,154,-1,-1,3.602,2019-11-03 19:28:53
2019-11-03 19:50:45,-1,85,1172.16,0.5,154,-1,-1,3.555,2019-11-03 19:28:54
2019-11-03 19:50:45,-1,85,1175.71,0.5,154,-1,-1,3.555,2019-11-03 19:28:55
2019-11-03 19:50:45,-1,84,1179.15,0.5,154,-1,-1,3.443,2019-11-03 19:28:56
2019-11-03 19:50:45,-1,84,1182.48,0.5,152,-1,-1,3.331,2019-11-03 19:28:57
2019-11-03 19:50:45,-1,84,1185.82,0.5,152,-1,-1,3.331,2019-11-03 19:28:58
2019-11-03 19:50:45,-1,84,1188.96,0.5,150,-1,-1,3.144,2019-11-03 19:28:59
2019-11-03 19:50:45,-1,84,1192.36,0.5,149,-1,-1,3.396,2019-11-03 19:29:00
2019-11-03 19:50:45,-1,84,1195.78,0.5,148,-1,-1,3.424,2019-11-03 19:29:01
2019-11-03 19:50:45,-1,84,1199.21,0.5,148,-1,-1,3.424,2019-11-03 19:29:02
2019-11-03 19:50:45,-1,84,1202.66,0.5,148,-1,-1,3.452,2019-11-03 19:29:03
2019-11-03 19:50:45,-1,84,1206.11,0.5,148,-1,-1,3.452,2019-11-03 19:29:04
2019-11-03 19:50:45,-1,84,1209.6,0.5,150,-1,-1,3.49,2019-11-03 19:29:05
2019-11-03 19:50:45,-1,84,1213.11,0.5,158,-1,-1,3.508,2019-11-03 19:29:06
2019-11-03 19:50:45,-1,84,1216.62,0.5,158,-1,-1,3.508,2019-11-03 19:29:07
2019-11-03 19:50:45,-1,84,1220.05,0.5,158,-1,-1,3.434,2019-11-03 19:29:08
2019-11-03 19:50:45,-1,84,1223.52,0.5,158,-1,-1,3.471,2019-11-03 19:29:09
2019-11-03 19:50:45,-1,84,1226.99,0.5,158,-1,-1,3.471,2019-11-03 19:29:10
2019-11-03 19:50:45,-1,84,1230.48,0.5,158,-1,-1,3.48,2019-11-03 19:29:11
2019-11-03 19:50:45,-1,84,1233.96,0.5,158,-1,-1,3.48,2019-11-03 19:29:12
2019-11-03 19:50:45,-1,85,1237.46,0,158,-1,-1,3.508,2019-11-03 19:29:13
2019-11-03 19:50:45,-1,85,1240.97,0,158,-1,-1,3.508,2019-11-03 19:29:14
2019-11-03 19:50:45,-1,85,1244.49,0.5,158,-1,-1,3.518,2019-11-03 19:29:15
2019-11-03 19:50:45,-1,85,1248.02,0.5,163,-1,-1,3.536,2019-11-03 19:29:16
2019-11-03 19:50:45,-1,85,1251.56,0.5,163,-1,-1,3.536,2019-11-03 19:29:17
2019-11-03 19:50:45,-1,85,1255.06,0.5,163,-1,-1,3.499,2019-11-03 19:29:18
2019-11-03 19:50:45,-1,84,1258.28,0.5,160,-1,-1,3.219,2019-11-03 19:29:19
2019-11-03 19:50:45,-1,84,1261.5,0.5,157,-1,-1,3.219,2019-11-03 19:29:20
2019-11-03 19:50:45,-1,84,1264.72,0.5,155,-1,-1,3.219,2019-11-03 19:29:21
2019-11-03 19:50:45,-1,85,1268.07,0.5,151,-1,-1,3.35,2019-11-03 19:29:22
2019-11-03 19:50:45,-1,85,1271.42,0.5,151,-1,-1,3.35,2019-11-03 19:29:23
2019-11-03 19:50:45,-1,86,1274.76,0,151,-1,-1,3.34,2019-11-03 19:29:24
2019-11-03 19:50:45,-1,85,1278.18,0.5,151,-1,-1,3.424,2019-11-03 19:29:25
2019-11-03 19:50:45,-1,85,1281.6,0.5,153,-1,-1,3.424,2019-11-03 19:29:26
2019-11-03 19:50:45,-1,85,1285.12,0.5,153,-1,-1,3.518,2019-11-03 19:29:27
2019-11-03 19:50:45,-1,85,1288.63,0.5,154,-1,-1,3.508,2019-11-03 19:29:28
2019-11-03 19:50:45,-1,85,1292.14,0.5,154,-1,-1,3.508,2019-11-03 19:29:29
2019-11-03 19:50:45,-1,85,1295.59,0.5,154,-1,-1,3.452,2019-11-03 19:29:30
2019-11-03 19:50:45,-1,84,1298.95,0.5,154,-1,-1,3.359,2019-11-03 19:29:31
2019-11-03 19:50:45,-1,84,1302.31,0.5,154,-1,-1,3.359,2019-11-03 19:29:32
2019-11-03 19:50:45,-1,84,1305.58,0.5,154,-1,-1,3.266,2019-11-03 19:29:33
2019-11-03 19:50:45,-1,84,1308.77,0.5,154,-1,-1,3.191,2019-11-03 19:29:34
2019-11-03 19:50:45,-1,84,1312.01,0.5,154,-1,-1,3.247,2019-11-03 19:29:35
2019-11-03 19:50:45,-1,84,1315.26,0.5,154,-1,-1,3.247,2019-11-03 19:29:36
2019-11-03 19:50:45,-1,85,1318.43,0.5,154,-1,-1,3.163,2019-11-03 19:29:37
2019-11-03 19:50:45,-1,85,1321.68,0.5,154,-1,-1,3.256,2019-11-03 19:29:38
2019-11-03 19:50:45,-1,85,1324.94,0.5,154,-1,-1,3.256,2019-11-03 19:29:39
2019-11-03 19:50:45,-1,86,1328.2,0.5,154,-1,-1,3.266,2019-11-03 19:29:40
2019-11-03 19:50:45,-1,86,1331.41,0.5,151,-1,-1,3.2,2019-11-03 19:29:41
2019-11-03 19:50:45,-1,86,1334.61,0.5,150,-1,-1,3.2,2019-11-03 19:29:42
2019-11-03 19:50:45,-1,85,1337.85,0.5,149,-1,-1,3.247,2019-11-03 19:29:43
2019-11-03 19:50:45,-1,85,1341.14,0.5,149,-1,-1,3.294,2019-11-03 19:29:44
2019-11-03 19:50:45,-1,85,1344.52,0.5,147,-1,-1,3.378,2019-11-03 19:29:45
2019-11-03 19:50:45,-1,86,1348.36,0.5,143,-1,-1,3.835,2019-11-03 19:29:46
2019-11-03 19:50:45,-1,86,1352.19,0.5,143,-1,-1,3.835,2019-11-03 19:29:47
2019-11-03 19:50:45,-1,86,1355.95,0.5,143,-1,-1,3.76,2019-11-03 19:29:48
2019-11-03 19:50:45,-1,86,1359.44,0,145,-1,-1,3.49,2019-11-03 19:29:49
2019-11-03 19:50:45,-1,85,1362.93,0.5,144,-1,-1,3.49,2019-11-03 19:29:50
2019-11-03 19:50:45,-1,85,1366.35,0.5,143,-1,-1,3.415,2019-11-03 19:29:51
2019-11-03 19:50:45,-1,85,1369.72,0.5,143,-1,-1,3.368,2019-11-03 19:29:52
2019-11-03 19:50:45,-1,85,1373.09,0.5,143,-1,-1,3.368,2019-11-03 19:29:53
2019-11-03 19:50:45,-1,85,1376.44,0.5,143,-1,-1,3.35,2019-11-03 19:29:54
2019-11-03 19:50:45,-1,85,1379.77,0.5,149,-1,-1,3.34,2019-11-03 19:29:55
2019-11-03 19:50:45,-1,85,1383.12,0.5,149,-1,-1,3.34,2019-11-03 19:29:56
2019-11-03 19:50:45,-1,85,1386.54,0.5,149,-1,-1,3.424,2019-11-03 19:29:57
2019-11-03 19:50:45,-1,85,1389.96,0.5,149,-1,-1,3.424,2019-11-03 19:29:58
2019-11-03 19:50:45,-1,85,1393.41,0.5,147,-1,-1,3.452,2019-11-03 19:29:59
2019-11-03 19:50:45,-1,85,1396.77,0.5,151,-1,-1,3.359,2019-11-03 19:30:00
2019-11-03 19:50:45,-1,85,1400.13,0.5,151,-1,-1,3.359,2019-11-03 19:30:01
2019-11-03 19:50:45,-1,85,1403.45,0.5,151,-1,-1,3.322,2019-11-03 19:30:02
2019-11-03 19:50:45,-1,85,1406.75,0.5,149,-1,-1,3.294,2019-11-03 19:30:03
2019-11-03 19:50:45,-1,85,1409.92,0.5,146,-1,-1,3.172,2019-11-03 19:30:04
2019-11-03 19:50:45,-1,85,1413.09,0.5,145,-1,-1,3.172,2019-11-03 19:30:05
2019-11-03 19:50:45,-1,85,1416.22,0.5,143,-1,-1,3.126,2019-11-03 19:30:06
2019-11-03 19:50:45,-1,85,1419.46,0,142,-1,-1,3.238,2019-11-03 19:30:07
2019-11-03 19:50:45,-1,85,1422.7,0,141,-1,-1,3.238,2019-11-03 19:30:08
2019-11-03 19:50:45,-1,85,1426.01,0,140,-1,-1,3.312,2019-11-03 19:30:09
2019-11-03 19:50:45,-1,84,1429.45,0,140,-1,-1,3.443,2019-11-03 19:30:10
2019-11-03 19:50:45,-1,84,1432.89,0,140,-1,-1,3.443,2019-11-03 19:30:11
2019-11-03 19:50:45,-1,84,1436.39,0,140,-1,-1,3.499,2019-11-03 19:30:12
2019-11-03 19:50:45,-1,84,1440.09,0,142,-1,-1,3.704,2019-11-03 19:30:13
2019-11-03 19:50:45,-1,84,1443.8,0,142,-1,-1,3.704,2019-11-03 19:30:14
2019-11-03 19:50:45,-1,84,1447.35,0.5,142,-1,-1,3.555,2019-11-03 19:30:15
2019-11-03 19:50:45,-1,84,1450.81,0.5,141,-1,-1,3.452,2019-11-03 19:30:16
2019-11-03 19:50:45,-1,84,1454.27,0.5,141,-1,-1,3.462,2019-11-03 19:30:17
2019-11-03 19:50:45,-1,84,1457.73,0.5,141,-1,-1,3.462,2019-11-03 19:30:18
2019-11-03 19:50:45,-1,84,1461.12,0.5,143,-1,-1,3.387,2019-11-03 19:30:19
2019-11-03 19:50:45,-1,84,1464.42,0.5,142,-1,-1,3.303,2019-11-03 19:30:20
2019-11-03 19:50:45,-1,85,1467.64,0.5,142,-1,-1,3.219,2019-11-03 19:30:21
2019-11-03 19:50:45,-1,85,1470.86,0.5,142,-1,-1,3.219,2019-11-03 19:30:22
2019-11-03 19:50:45,-1,85,1474.12,0.5,142,-1,-1,3.256,2019-11-03 19:30:23
2019-11-03 19:50:45,-1,86,1477.43,0.5,142,-1,-1,3.312,2019-11-03 19:30:24
2019-11-03 19:50:45,-1,86,1480.74,0.5,142,-1,-1,3.312,2019-11-03 19:30:25
2019-11-03 19:50:45,-1,86,1484.09,0.5,141,-1,-1,3.35,2019-11-03 19:30:26
2019-11-03 19:50:45,-1,85,1487.38,0.5,141,-1,-1,3.294,2019-11-03 19:30:27
2019-11-03 19:50:45,-1,85,1490.68,0.5,140,-1,-1,3.294,2019-11-03 19:30:28
2019-11-03 19:50:45,-1,83,1493.96,0.5,139,-1,-1,3.284,2019-11-03 19:30:29
2019-11-03 19:50:45,-1,83,1497.39,0.5,138,-1,-1,3.424,2019-11-03 19:30:30
2019-11-03 19:50:45,-1,85,1500.81,0.5,138,-1,-1,3.424,2019-11-03 19:30:31
2019-11-03 19:50:45,-1,85,1504.19,0.5,138,-1,-1,3.378,2019-11-03 19:30:32
2019-11-03 19:50:45,-1,85,1507.45,0.5,138,-1,-1,3.266,2019-11-03 19:30:33
2019-11-03 19:50:45,-1,85,1510.72,0.5,138,-1,-1,3.266,2019-11-03 19:30:34
2019-11-03 19:50:45,-1,85,1513.98,0.5,138,-1,-1,3.256,2019-11-03 19:30:35
2019-11-03 19:50:45,-1,85,1517.23,0.5,138,-1,-1,3.247,2019-11-03 19:30:36
2019-11-03 19:50:45,-1,85,1520.47,0.5,138,-1,-1,3.247,2019-11-03 19:30:37
2019-11-03 19:50:45,-1,85,1523.72,0.5,138,-1,-1,3.247,2019-11-03 19:30:38
2019-11-03 19:50:45,-1,85,1527.03,0.5,139,-1,-1,3.312,2019-11-03 19:30:39
2019-11-03 19:50:45,-1,85,1530.34,0.5,139,-1,-1,3.312,2019-11-03 19:30:40
2019-11-03 19:50:45,-1,85,1533.56,0.5,139,-1,-1,3.219,2019-11-03 19:30:41
2019-11-03 19:50:45,-1,85,1536.64,0.5,139,-1,-1,3.079,2019-11-03 19:30:42
2019-11-03 19:50:45,-1,84,1539.79,0.5,139,-1,-1,3.144,2019-11-03 19:30:43
2019-11-03 19:50:45,-1,84,1542.93,0.5,138,-1,-1,3.144,2019-11-03 19:30:44
2019-11-03 19:50:45,-1,84,1546.06,0.5,141,-1,-1,3.135,2019-11-03 19:30:45
2019-11-03 19:50:45,-1,84,1549.11,0.5,141,-1,-1,3.051,2019-11-03 19:30:46
2019-11-03 19:50:45,-1,84,1552.17,0.5,141,-1,-1,3.051,2019-11-03 19:30:47
2019-11-03 19:50:45,-1,85,1555.15,0,141,-1,-1,2.986,2019-11-03 19:30:48
2019-11-03 19:50:45,-1,85,1557.67,0,140,-1,-1,2.519,2019-11-03 19:30:49
2019-11-03 19:50:45,-1,86,1560.61,0,140,-1,-1,2.939,2019-11-03 19:30:50
2019-11-03 19:50:45,-1,86,1563.55,0,140,-1,-1,2.939,2019-11-03 19:30:51
2019-11-03 19:50:45,-1,86,1566.62,0,140,-1,-1,3.07,2019-11-03 19:30:52
2019-11-03 19:50:45,-1,86,1569.81,0,140,-1,-1,3.191,2019-11-03 19:30:53
2019-11-03 19:50:45,-1,85,1573.15,0,141,-1,-1,3.34,2019-11-03 19:30:54
2019-11-03 19:50:45,-1,85,1576.49,0,143,-1,-1,3.34,2019-11-03 19:30:55
2019-11-03 19:50:45,-1,85,1579.95,0,143,-1,-1,3.462,2019-11-03 19:30:56
2019-11-03 19:50:45,-1,85,1583.47,0.5,143,-1,-1,3.518,2019-11-03 19:30:57
2019-11-03 19:50:45,-1,85,1586.99,0.5,143,-1,-1,3.518,2019-11-03 19:30:58
2019-11-03 19:50:45,-1,85,1590.53,0.5,143,-1,-1,3.536,2019-11-03 19:30:59
2019-11-03 19:50:45,-1,86,1594.14,0.5,143,-1,-1,3.62,2019-11-03 19:31:00
2019-11-03 19:50:45,-1,86,1597.76,0.5,143,-1,-1,3.611,2019-11-03 19:31:01
2019-11-03 19:50:45,-1,86,1601.37,0.5,143,-1,-1,3.611,2019-11-03 19:31:02
2019-11-03 19:50:45,-1,85,1604.83,0.5,143,-1,-1,3.462,2019-11-03 19:31:03
2019-11-03 19:50:45,-1,85,1608.29,0.5,143,-1,-1,3.462,2019-11-03 19:31:04
2019-11-03 19:50:45,-1,86,1611.71,0,145,-1,-1,3.424,2019-11-03 19:31:05
2019-11-03 19:50:45,-1,86,1615.17,0.5,145,-1,-1,3.452,2019-11-03 19:31:06
2019-11-03 19:50:45,-1,86,1618.72,0.5,145,-1,-1,3.555,2019-11-03 19:31:07
2019-11-03 19:50:45,-1,86,1622.28,0.5,145,-1,-1,3.555,2019-11-03 19:31:08
2019-11-03 19:50:45,-1,86,1625.83,0.5,145,-1,-1,3.555,2019-11-03 19:31:09
2019-11-03 19:50:45,-1,86,1629.34,0.5,145,-1,-1,3.508,2019-11-03 19:31:10
2019-11-03 19:50:45,-1,85,1632.76,0.5,145,-1,-1,3.424,2019-11-03 19:31:11
2019-11-03 19:50:45,-1,85,1636.12,0.5,145,-1,-1,3.359,2019-11-03 19:31:12
2019-11-03 19:50:45,-1,85,1639.45,0.5,145,-1,-1,3.331,2019-11-03 19:31:13
2019-11-03 19:50:45,-1,85,1642.8,0.5,149,-1,-1,3.34,2019-11-03 19:31:14
2019-11-03 19:50:45,-1,85,1646.16,0.5,148,-1,-1,3.368,2019-11-03 19:31:15
2019-11-03 19:50:45,-1,85,1649.53,0.5,147,-1,-1,3.368,2019-11-03 19:31:16
2019-11-03 19:50:45,-1,85,1652.95,0.5,147,-1,-1,3.415,2019-11-03 19:31:17
2019-11-03 19:50:45,-1,85,1656.29,0.5,147,-1,-1,3.34,2019-11-03 19:31:18
2019-11-03 19:50:45,-1,85,1659.63,0.5,147,-1,-1,3.34,2019-11-03 19:31:19
2019-11-03 19:50:45,-1,86,1662.96,0,147,-1,-1,3.331,2019-11-03 19:31:20
2019-11-03 19:50:45,-1,86,1666.29,0,147,-1,-1,3.331,2019-11-03 19:31:21
2019-11-03 19:50:45,-1,86,1669.61,0,147,-1,-1,3.322,2019-11-03 19:31:22
2019-11-03 19:50:45,-1,86,1672.93,0,147,-1,-1,3.322,2019-11-03 19:31:23
2019-11-03 19:50:45,-1,86,1676.25,0,145,-1,-1,3.322,2019-11-03 19:31:24
2019-11-03 19:50:45,-1,86,1679.64,0,145,-1,-1,3.387,2019-11-03 19:31:25
2019-11-03 19:50:45,-1,86,1683.22,0.5,145,-1,-1,3.574,2019-11-03 19:31:26
2019-11-03 19:50:45,-1,86,1686.79,0.5,145,-1,-1,3.574,2019-11-03 19:31:27
2019-11-03 19:50:45,-1,86,1690.44,0.5,145,-1,-1,3.648,2019-11-03 19:31:28
2019-11-03 19:50:45,-1,85,1694.19,0.5,148,-1,-1,3.751,2019-11-03 19:31:29
2019-11-03 19:50:45,-1,85,1697.94,0.5,148,-1,-1,3.751,2019-11-03 19:31:30
2019-11-03 19:50:45,-1,85,1701.62,0.5,146,-1,-1,3.686,2019-11-03 19:31:31
2019-11-03 19:50:45,-1,85,1705.26,0.5,145,-1,-1,3.639,2019-11-03 19:31:32
2019-11-03 19:50:45,-1,84,1708.9,0.5,145,-1,-1,3.639,2019-11-03 19:31:33
2019-11-03 19:50:45,-1,84,1712.45,0.5,145,-1,-1,3.546,2019-11-03 19:31:34
2019-11-03 19:50:45,-1,84,1715.9,0.5,145,-1,-1,3.452,2019-11-03 19:31:35
2019-11-03 19:50:45,-1,84,1719.09,0.5,144,-1,-1,3.191,2019-11-03 19:31:36
2019-11-03 19:50:45,-1,84,1722.38,0.5,144,-1,-1,3.284,2019-11-03 19:31:37
2019-11-03 19:50:45,-1,84,1725.45,0.5,144,-1,-1,3.07,2019-11-03 19:31:38
2019-11-03 19:50:45,-1,84,1728.45,0.5,144,-1,-1,3.004,2019-11-03 19:31:39
2019-11-03 19:50:45,-1,84,1731.47,0.5,144,-1,-1,3.023,2019-11-03 19:31:40
2019-11-03 19:50:45,-1,84,1734.64,0.5,142,-1,-1,3.163,2019-11-03 19:31:41
2019-11-03 19:50:45,-1,84,1737.8,0.5,142,-1,-1,3.163,2019-11-03 19:31:42
2019-11-03 19:50:45,-1,86,1740.82,0,142,-1,-1,3.023,2019-11-03 19:31:43
2019-11-03 19:50:45,-1,86,1743.85,0,141,-1,-1,3.023,2019-11-03 19:31:44
2019-11-03 19:50:45,-1,86,1747.31,0,141,-1,-1,3.462,2019-11-03 19:31:45
2019-11-03 19:50:45,-1,86,1750.77,0,141,-1,-1,3.462,2019-11-03 19:31:46
2019-11-03 19:50:45,-1,86,1754.41,0,141,-1,-1,3.639,2019-11-03 19:31:47
2019-11-03 19:50:45,-1,86,1758.08,0,143,-1,-1,3.667,2019-11-03 19:31:48
2019-11-03 19:50:45,-1,86,1761.75,0,143,-1,-1,3.667,2019-11-03 19:31:49
2019-11-03 19:50:45,-1,85,1765.53,0.5,143,-1,-1,3.788,2019-11-03 19:31:50
2019-11-03 19:50:45,-1,85,1769.32,0.5,143,-1,-1,3.788,2019-11-03 19:31:51
2019-11-03 19:50:45,-1,85,1772.98,0.5,143,-1,-1,3.658,2019-11-03 19:31:52
2019-11-03 19:50:45,-1,85,1776.63,0.5,143,-1,-1,3.658,2019-11-03 19:31:53
2019-11-03 19:50:45,-1,84,1780.32,0.5,143,-1,-1,3.686,2019-11-03 19:31:54
2019-11-03 19:50:45,-1,84,1784.01,0.5,143,-1,-1,3.686,2019-11-03 19:31:55
2019-11-03 19:50:45,-1,84,1787.9,0.5,142,-1,-1,3.891,2019-11-03 19:31:56
2019-11-03 19:50:45,-1,85,1791.92,0.5,142,-1,-1,4.022,2019-11-03 19:31:57
2019-11-03 19:50:45,-1,85,1795.9,0.5,142,-1,-1,3.984,2019-11-03 19:31:58
2019-11-03 19:50:45,-1,84,1799.86,0.5,142,-1,-1,3.956,2019-11-03 19:31:59
2019-11-03 19:50:45,-1,84,1803.78,0.5,142,-1,-1,3.919,2019-11-03 19:32:00
2019-11-03 19:50:45,-1,84,1807.63,0.5,142,-1,-1,3.854,2019-11-03 19:32:01
2019-11-03 19:50:45,-1,85,1811.43,0.5,142,-1,-1,3.798,2019-11-03 19:32:02
2019-11-03 19:50:45,-1,85,1815.23,0.5,142,-1,-1,3.798,2019-11-03 19:32:03
2019-11-03 19:50:45,-1,85,1818.82,0.5,142,-1,-1,3.592,2019-11-03 19:32:04
2019-11-03 19:50:45,-1,85,1822.41,0.5,142,-1,-1,3.592,2019-11-03 19:32:05
2019-11-03 19:50:45,-1,85,1825.57,0.5,145,-1,-1,3.163,2019-11-03 19:32:06
2019-11-03 19:50:45,-1,86,1828.74,0.5,145,-1,-1,3.163,2019-11-03 19:32:07
2019-11-03 19:50:45,-1,86,1831.83,0.5,145,-1,-1,3.098,2019-11-03 19:32:08
2019-11-03 19:50:45,-1,86,1834.94,0.5,145,-1,-1,3.098,2019-11-03 19:32:09
2019-11-03 19:50:45,-1,86,1838.35,0.5,149,-1,-1,3.415,2019-11-03 19:32:10
2019-11-03 19:50:45,-1,86,1841.77,0.5,149,-1,-1,3.415,2019-11-03 19:32:11
2019-11-03 19:50:45,-1,86,1845.28,0.5,149,-1,-1,3.518,2019-11-03 19:32:12
2019-11-03 19:50:45,-1,86,1848.8,0.5,148,-1,-1,3.518,2019-11-03 19:32:13
2019-11-03 19:50:45,-1,86,1852.12,0.5,150,-1,-1,3.322,2019-11-03 19:32:14
2019-11-03 19:50:45,-1,86,1855.44,0,150,-1,-1,3.322,2019-11-03 19:32:15
2019-11-03 19:50:45,-1,86,1858.76,0,149,-1,-1,3.312,2019-11-03 19:32:16
2019-11-03 19:50:45,-1,86,1862.07,0,148,-1,-1,3.312,2019-11-03 19:32:17
2019-11-03 19:50:45,-1,85,1865.55,0.5,146,-1,-1,3.48,2019-11-03 19:32:18
2019-11-03 19:50:45,-1,85,1869.03,0.5,146,-1,-1,3.48,2019-11-03 19:32:19
2019-11-03 19:50:45,-1,86,1872.62,0.5,146,-1,-1,3.592,2019-11-03 19:32:20
2019-11-03 19:50:45,-1,86,1876.21,0.5,146,-1,-1,3.592,2019-11-03 19:32:21
2019-11-03 19:50:45,-1,85,1879.93,0.5,146,-1,-1,3.723,2019-11-03 19:32:22
2019-11-03 19:50:45,-1,85,1883.66,0.5,146,-1,-1,3.723,2019-11-03 19:32:23
2019-11-03 19:50:45,-1,86,1887.51,0.5,146,-1,-1,3.854,2019-11-03 19:32:24
2019-11-03 19:50:45,-1,86,1891.37,0.5,146,-1,-1,3.854,2019-11-03 19:32:25
2019-11-03 19:50:45,-1,86,1895.25,0.5,147,-1,-1,3.882,2019-11-03 19:32:26
2019-11-03 19:50:45,-1,85,1899.14,0.5,147,-1,-1,3.882,2019-11-03 19:32:27
2019-11-03 19:50:45,-1,85,1903.12,0.5,146,-1,-1,3.994,2019-11-03 19:32:28
2019-11-03 19:50:45,-1,85,1907.11,0.5,146,-1,-1,3.994,2019-11-03 19:32:29
2019-11-03 19:50:45,-1,85,1910.74,0.5,148,-1,-1,3.63,2019-11-03 19:32:30
2019-11-03 19:50:45,-1,85,1914.37,0.5,148,-1,-1,3.63,2019-11-03 19:32:31
2019-11-03 19:50:45,-1,85,1917.73,0.5,148,-1,-1,3.359,2019-11-03 19:32:32
2019-11-03 19:50:45,-1,85,1921.09,0.5,146,-1,-1,3.359,2019-11-03 19:32:33
2019-11-03 19:50:45,-1,85,1924.6,0.5,146,-1,-1,3.508,2019-11-03 19:32:34
2019-11-03 19:50:45,-1,85,1928.11,0.5,146,-1,-1,3.508,2019-11-03 19:32:35
2019-11-03 19:50:45,-1,85,1931.71,0.5,146,-1,-1,3.602,2019-11-03 19:32:36
2019-11-03 19:50:45,-1,85,1935.31,0.5,146,-1,-1,3.602,2019-11-03 19:32:37
2019-11-03 19:50:45,-1,85,1938.97,0.5,146,-1,-1,3.658,2019-11-03 19:32:38
2019-11-03 19:50:45,-1,85,1942.63,0.5,146,-1,-1,3.658,2019-11-03 19:32:39
2019-11-03 19:50:45,-1,85,1946.39,0.5,145,-1,-1,3.76,2019-11-03 19:32:40
2019-11-03 19:50:45,-1,85,1950.15,0.5,145,-1,-1,3.76,2019-11-03 19:32:41
2019-11-03 19:50:45,-1,85,1953.71,0.5,145,-1,-1,3.564,2019-11-03 19:32:42
2019-11-03 19:50:45,-1,85,1957.28,0.5,145,-1,-1,3.564,2019-11-03 19:32:43
2019-11-03 19:50:45,-1,86,1960.67,0.5,145,-1,-1,3.387,2019-11-03 19:32:44
2019-11-03 19:50:45,-1,86,1963.84,0.5,144,-1,-1,3.172,2019-11-03 19:32:45
2019-11-03 19:50:45,-1,86,1966.99,0.5,143,-1,-1,3.154,2019-11-03 19:32:46
2019-11-03 19:50:45,-1,86,1970.14,0.5,143,-1,-1,3.154,2019-11-03 19:32:47
2019-11-03 19:50:45,-1,86,1973.56,0.5,143,-1,-1,3.415,2019-11-03 19:32:48
2019-11-03 19:50:45,-1,86,1976.97,0.5,144,-1,-1,3.415,2019-11-03 19:32:49
2019-11-03 19:50:45,-1,86,1980.24,0.5,146,-1,-1,3.266,2019-11-03 19:32:50
2019-11-03 19:50:45,-1,86,1983.5,0,146,-1,-1,3.266,2019-11-03 19:32:51
2019-11-03 19:50:45,-1,85,1986.64,0.5,145,-1,-1,3.135,2019-11-03 19:32:52
2019-11-03 19:50:45,-1,85,1989.77,0.5,145,-1,-1,3.135,2019-11-03 19:32:53
2019-11-03 19:50:45,-1,86,1992.88,0,145,-1,-1,3.107,2019-11-03 19:32:54
2019-11-03 19:50:45,-1,86,1996.31,0,145,-1,-1,3.424,2019-11-03 19:32:55
2019-11-03 19:50:45,-1,86,1999.73,0,145,-1,-1,3.424,2019-11-03 19:32:56
2019-11-03 19:50:45,-1,86,2003.31,0,145,-1,-1,3.583,2019-11-03 19:32:57
2019-11-03 19:50:45,-1,86,2006.9,0,145,-1,-1,3.583,2019-11-03 19:32:58
2019-11-03 19:50:45,-1,85,2010.48,0.5,145,-1,-1,3.583,2019-11-03 19:32:59
2019-11-03 19:50:45,-1,85,2014.21,0.5,145,-1,-1,3.723,2019-11-03 19:33:00
2019-11-03 19:50:45,-1,85,2017.93,0.5,145,-1,-1,3.723,2019-11-03 19:33:01
2019-11-03 19:50:45,-1,85,2021.74,0.5,147,-1,-1,3.807,2019-11-03 19:33:02
2019-11-03 19:50:45,-1,85,2025.54,0.5,147,-1,-1,3.807,2019-11-03 19:33:03
2019-11-03 19:50:45,-1,85,2029.1,0.5,150,-1,-1,3.564,2019-11-03 19:33:04
2019-11-03 19:50:45,-1,85,2032.67,0.5,149,-1,-1,3.564,2019-11-03 19:33:05
2019-11-03 19:50:45,-1,85,2036.1,0.5,153,-1,-1,3.434,2019-11-03 19:33:06
2019-11-03 19:50:45,-1,85,2039.54,0.5,153,-1,-1,3.434,2019-11-03 19:33:07
2019-11-03 19:50:45,-1,86,2043.13,0.5,151,-1,-1,3.592,2019-11-03 19:33:08
2019-11-03 19:50:45,-1,86,2046.72,0.5,150,-1,-1,3.592,2019-11-03 19:33:09
2019-11-03 19:50:45,-1,86,2050.39,0.5,150,-1,-1,3.667,2019-11-03 19:33:10
2019-11-03 19:50:45,-1,86,2054.05,0.5,149,-1,-1,3.667,2019-11-03 19:33:11
2019-11-03 19:50:45,-1,86,2057.73,0.5,148,-1,-1,3.676,2019-11-03 19:33:12
2019-11-03 19:50:45,-1,86,2061.41,0.5,147,-1,-1,3.676,2019-11-03 19:33:13
2019-11-03 19:50:45,-1,85,2065.17,0.5,146,-1,-1,3.76,2019-11-03 19:33:14
2019-11-03 19:50:45,-1,85,2068.93,0.5,146,-1,-1,3.76,2019-11-03 19:33:15
2019-11-03 19:50:45,-1,85,2072.78,0.5,145,-1,-1,3.854,2019-11-03 19:33:16
2019-11-03 19:50:45,-1,86,2076.63,0.5,145,-1,-1,3.854,2019-11-03 19:33:17
2019-11-03 19:50:45,-1,86,2080.35,0.5,145,-1,-1,3.714,2019-11-03 19:33:18
2019-11-03 19:50:45,-1,86,2084.06,0.5,145,-1,-1,3.714,2019-11-03 19:33:19
2019-11-03 19:50:45,-1,86,2087.63,0.5,145,-1,-1,3.574,2019-11-03 19:33:20
2019-11-03 19:50:45,-1,86,2091.21,0.5,144,-1,-1,3.574,2019-11-03 19:33:21
2019-11-03 19:50:45,-1,86,2094.82,0.5,143,-1,-1,3.611,2019-11-03 19:33:22
2019-11-03 19:50:45,-1,86,2098.43,0.5,143,-1,-1,3.611,2019-11-03 19:33:23
2019-11-03 19:50:45,-1,86,2101.57,0.5,145,-1,-1,3.135,2019-11-03 19:33:24
2019-11-03 19:50:45,-1,86,2104.7,0,144,-1,-1,3.135,2019-11-03 19:33:25
2019-11-03 19:50:45,-1,87,2107.93,0,144,-1,-1,3.228,2019-11-03 19:33:26
2019-11-03 19:50:45,-1,87,2111.16,0,144,-1,-1,3.228,2019-11-03 19:33:27
2019-11-03 19:50:45,-1,87,2114.44,0,144,-1,-1,3.275,2019-11-03 19:33:28
2019-11-03 19:50:45,-1,87,2117.77,0,143,-1,-1,3.34,2019-11-03 19:33:29
2019-11-03 19:50:45,-1,87,2121.11,0,143,-1,-1,3.34,2019-11-03 19:33:30
2019-11-03 19:50:45,-1,87,2124.51,0,143,-1,-1,3.396,2019-11-03 19:33:31
2019-11-03 19:50:45,-1,87,2127.99,0,144,-1,-1,3.48,2019-11-03 19:33:32
2019-11-03 19:50:45,-1,86,2131.47,0.5,144,-1,-1,3.48,2019-11-03 19:33:33
2019-11-03 19:50:45,-1,86,2134.99,0.5,143,-1,-1,3.518,2019-11-03 19:33:34
2019-11-03 19:50:45,-1,86,2138.51,0,143,-1,-1,3.518,2019-11-03 19:33:35
2019-11-03 19:50:45,-1,86,2142.1,0,143,-1,-1,3.592,2019-11-03 19:33:36
2019-11-03 19:50:45,-1,87,2145.69,0,143,-1,-1,3.592,2019-11-03 19:33:37
2019-11-03 19:50:45,-1,87,2149.31,0,143,-1,-1,3.62,2019-11-03 19:33:38
2019-11-03 19:50:45,-1,87,2152.93,0,143,-1,-1,3.62,2019-11-03 19:33:39
2019-11-03 19:50:45,-1,87,2156.56,0,143,-1,-1,3.63,2019-11-03 19:33:40
2019-11-03 19:50:45,-1,87,2160.19,0,143,-1,-1,3.63,2019-11-03 19:33:41
2019-11-03 19:50:45,-1,87,2163.83,0,143,-1,-1,3.639,2019-11-03 19:33:42
2019-11-03 19:50:45,-1,87,2167.47,0,143,-1,-1,3.639,2019-11-03 19:33:43
2019-11-03 19:50:45,-1,86,2171.08,0.5,141,-1,-1,3.611,2019-11-03 19:33:44
2019-11-03 19:50:45,-1,86,2174.69,0.5,141,-1,-1,3.611,2019-11-03 19:33:45
2019-11-03 19:50:45,-1,86,2178.23,0.5,140,-1,-1,3.536,2019-11-03 19:33:46
2019-11-03 19:50:45,-1,86,2181.77,0.5,140,-1,-1,3.536,2019-11-03 19:33:47
2019-11-03 19:50:45,-1,86,2184.91,0,140,-1,-1,3.144,2019-11-03 19:33:48
2019-11-03 19:50:45,-1,86,2188.06,0,140,-1,-1,3.144,2019-11-03 19:33:49
2019-11-03 19:50:45,-1,86,2191.3,0,140,-1,-1,3.247,2019-11-03 19:33:50
2019-11-03 19:50:45,-1,86,2194.55,0,146,-1,-1,3.247,2019-11-03 19:33:51
2019-11-03 19:50:45,-1,86,2197.83,0,146,-1,-1,3.284,2019-11-03 19:33:52
2019-11-03 19:50:45,-1,86,2201.11,0,145,-1,-1,3.284,2019-11-03 19:33:53
2019-11-03 19:50:45,-1,86,2204.14,0,152,-1,-1,3.023,2019-11-03 19:33:54
2019-11-03 19:50:45,-1,86,2207.16,0,152,-1,-1,3.023,2019-11-03 19:33:55
2019-11-03 19:50:45,-1,86,2210.27,0,152,-1,-1,3.107,2019-11-03 19:33:56
2019-11-03 19:50:45,-1,86,2213.38,0,151,-1,-1,3.107,2019-11-03 19:33:57
2019-11-03 19:50:45,-1,86,2216.68,0,150,-1,-1,3.303,2019-11-03 19:33:58
2019-11-03 19:50:45,-1,86,2220.12,0,148,-1,-1,3.443,2019-11-03 19:33:59
2019-11-03 19:50:45,-1,86,2223.68,0,148,-1,-1,3.555,2019-11-03 19:34:00
2019-11-03 19:50:45,-1,86,2227.23,0,147,-1,-1,3.555,2019-11-03 19:34:01
2019-11-03 19:50:45,-1,86,2230.8,0,147,-1,-1,3.564,2019-11-03 19:34:02
2019-11-03 19:50:45,-1,86,2234.36,0,147,-1,-1,3.564,2019-11-03 19:34:03
2019-11-03 19:50:45,-1,85,2237.78,0.5,147,-1,-1,3.415,2019-11-03 19:34:04
2019-11-03 19:50:45,-1,85,2241.19,0.5,146,-1,-1,3.415,2019-11-03 19:34:05
2019-11-03 19:50:45,-1,85,2244.68,0.5,145,-1,-1,3.49,2019-11-03 19:34:06
2019-11-03 19:50:45,-1,86,2248.17,0.5,145,-1,-1,3.49,2019-11-03 19:34:07
2019-11-03 19:50:45,-1,86,2251.72,0.5,147,-1,-1,3.546,2019-11-03 19:34:08
2019-11-03 19:50:45,-1,86,2255.26,0.5,147,-1,-1,3.546,2019-11-03 19:34:09
2019-11-03 19:50:45,-1,86,2258.83,0.5,147,-1,-1,3.574,2019-11-03 19:34:10
2019-11-03 19:50:45,-1,86,2262.41,0.5,147,-1,-1,3.574,2019-11-03 19:34:11
2019-11-03 19:50:45,-1,86,2266,0.5,147,-1,-1,3.592,2019-11-03 19:34:12
2019-11-03 19:50:45,-1,86,2269.59,0.5,146,-1,-1,3.592,2019-11-03 19:34:13
2019-11-03 19:50:45,-1,86,2273.18,0.5,146,-1,-1,3.583,2019-11-03 19:34:14
2019-11-03 19:50:45,-1,86,2276.76,0.5,145,-1,-1,3.583,2019-11-03 19:34:15
2019-11-03 19:50:45,-1,86,2280.35,0.5,145,-1,-1,3.592,2019-11-03 19:34:16
2019-11-03 19:50:45,-1,86,2283.94,0.5,145,-1,-1,3.592,2019-11-03 19:34:17
2019-11-03 19:50:45,-1,85,2287.54,0.5,145,-1,-1,3.592,2019-11-03 19:34:18
2019-11-03 19:50:45,-1,85,2291.13,0.5,145,-1,-1,3.592,2019-11-03 19:34:19
2019-11-03 19:50:45,-1,84,2294.64,0.5,145,-1,-1,3.508,2019-11-03 19:34:20
2019-11-03 19:50:45,-1,84,2298.15,0.5,145,-1,-1,3.508,2019-11-03 19:34:21
2019-11-03 19:50:45,-1,85,2301.53,0.5,145,-1,-1,3.387,2019-11-03 19:34:22
2019-11-03 19:50:45,-1,85,2304.92,0.5,145,-1,-1,3.387,2019-11-03 19:34:23
2019-11-03 19:50:45,-1,86,2308.28,0.5,144,-1,-1,3.359,2019-11-03 19:34:24
2019-11-03 19:50:45,-1,87,2311.71,0,144,-1,-1,3.424,2019-11-03 19:34:25
2019-11-03 19:50:45,-1,87,2315.13,0,144,-1,-1,3.424,2019-11-03 19:34:26
2019-11-03 19:50:45,-1,87,2318.61,0,144,-1,-1,3.48,2019-11-03 19:34:27
2019-11-03 19:50:45,-1,87,2322.09,0,144,-1,-1,3.48,2019-11-03 19:34:28
2019-11-03 19:50:45,-1,87,2325.61,0,143,-1,-1,3.518,2019-11-03 19:34:29
2019-11-03 19:50:45,-1,86,2329.12,0.5,143,-1,-1,3.518,2019-11-03 19:34:30
2019-11-03 19:50:45,-1,86,2332.66,0.5,143,-1,-1,3.536,2019-11-03 19:34:31
2019-11-03 19:50:45,-1,86,2336.2,0.5,143,-1,-1,3.536,2019-11-03 19:34:32
2019-11-03 19:50:45,-1,86,2339.73,0.5,142,-1,-1,3.536,2019-11-03 19:34:33
2019-11-03 19:50:45,-1,86,2343.27,0.5,142,-1,-1,3.536,2019-11-03 19:34:34
2019-11-03 19:50:45,-1,86,2346.83,0.5,145,-1,-1,3.564,2019-11-03 19:34:35
2019-11-03 19:50:45,-1,86,2350.42,0.5,145,-1,-1,3.583,2019-11-03 19:34:36
2019-11-03 19:50:45,-1,86,2354,0.5,144,-1,-1,3.583,2019-11-03 19:34:37
2019-11-03 19:50:45,-1,86,2357.58,0.5,143,-1,-1,3.583,2019-11-03 19:34:38
2019-11-03 19:50:45,-1,86,2361.16,0.5,143,-1,-1,3.583,2019-11-03 19:34:39
2019-11-03 19:50:45,-1,86,2364.72,0.5,143,-1,-1,3.555,2019-11-03 19:34:40
2019-11-03 19:50:45,-1,86,2368.27,0.5,143,-1,-1,3.555,2019-11-03 19:34:41
2019-11-03 19:50:45,-1,86,2371.83,0.5,141,-1,-1,3.555,2019-11-03 19:34:42
2019-11-03 19:50:45,-1,86,2375.39,0.5,142,-1,-1,3.555,2019-11-03 19:34:43
2019-11-03 19:50:45,-1,86,2378.94,0,142,-1,-1,3.555,2019-11-03 19:34:44
2019-11-03 19:50:45,-1,86,2382.49,0,142,-1,-1,3.555,2019-11-03 19:34:45
2019-11-03 19:50:45,-1,86,2386.05,0.5,142,-1,-1,3.555,2019-11-03 19:34:46
2019-11-03 19:50:45,-1,86,2389.61,0.5,142,-1,-1,3.564,2019-11-03 19:34:47
2019-11-03 19:50:45,-1,86,2393.17,0,142,-1,-1,3.555,2019-11-03 19:34:48
2019-11-03 19:50:45,-1,85,2396.72,0.5,142,-1,-1,3.555,2019-11-03 19:34:49
2019-11-03 19:50:45,-1,84,2400.26,0.5,146,-1,-1,3.536,2019-11-03 19:34:50
2019-11-03 19:50:45,-1,84,2403.8,0.5,145,-1,-1,3.536,2019-11-03 19:34:51
2019-11-03 19:50:45,-1,84,2407.22,0.5,145,-1,-1,3.424,2019-11-03 19:34:52
2019-11-03 19:50:45,-1,84,2410.65,0.5,145,-1,-1,3.424,2019-11-03 19:34:53
2019-11-03 19:50:45,-1,85,2414.01,0.5,145,-1,-1,3.368,2019-11-03 19:34:54
2019-11-03 19:50:45,-1,85,2417.38,0.5,145,-1,-1,3.368,2019-11-03 19:34:55
2019-11-03 19:50:45,-1,86,2420.82,0,144,-1,-1,3.434,2019-11-03 19:34:56
2019-11-03 19:50:45,-1,86,2424.25,0,144,-1,-1,3.434,2019-11-03 19:34:57
2019-11-03 19:50:45,-1,86,2427.69,0,143,-1,-1,3.434,2019-11-03 19:34:58
2019-11-03 19:50:45,-1,86,2431.12,0,143,-1,-1,3.434,2019-11-03 19:34:59
2019-11-03 19:50:45,-1,86,2434.26,0,143,-1,-1,3.144,2019-11-03 19:35:00
2019-11-03 19:50:45,-1,86,2437.41,0,143,-1,-1,3.144,2019-11-03 19:35:01
2019-11-03 19:50:45,-1,86,2440.48,0,143,-1,-1,3.07,2019-11-03 19:35:02
2019-11-03 19:50:45,-1,86,2443.55,0,143,-1,-1,3.07,2019-11-03 19:35:03
2019-11-03 19:50:45,-1,87,2446.74,0,143,-1,-1,3.191,2019-11-03 19:35:04
2019-11-03 19:50:45,-1,87,2450.11,0,143,-1,-1,3.378,2019-11-03 19:35:05
2019-11-03 19:50:45,-1,87,2453.49,0,143,-1,-1,3.378,2019-11-03 19:35:06
2019-11-03 19:50:45,-1,86,2456.88,0.5,143,-1,-1,3.387,2019-11-03 19:35:07
2019-11-03 19:50:45,-1,85,2460.26,0.5,142,-1,-1,3.378,2019-11-03 19:35:08
2019-11-03 19:50:45,-1,84,2463.63,0.5,142,-1,-1,3.378,2019-11-03 19:35:09
2019-11-03 19:50:45,-1,84,2466.96,0.5,142,-1,-1,3.331,2019-11-03 19:35:10
2019-11-03 19:50:45,-1,84,2470.3,0.5,142,-1,-1,3.331,2019-11-03 19:35:11
2019-11-03 19:50:45,-1,84,2473.76,0.5,141,-1,-1,3.462,2019-11-03 19:35:12
2019-11-03 19:50:45,-1,84,2477.22,0.5,141,-1,-1,3.462,2019-11-03 19:35:13
2019-11-03 19:50:45,-1,84,2480.66,0.5,142,-1,-1,3.443,2019-11-03 19:35:14
2019-11-03 19:50:45,-1,84,2484.11,0.5,142,-1,-1,3.443,2019-11-03 19:35:15
2019-11-03 19:50:45,-1,84,2487.52,0.5,142,-1,-1,3.415,2019-11-03 19:35:16
2019-11-03 19:50:45,-1,85,2490.94,0.5,142,-1,-1,3.415,2019-11-03 19:35:17
2019-11-03 19:50:45,-1,85,2494.45,0.5,142,-1,-1,3.518,2019-11-03 19:35:18
2019-11-03 19:50:45,-1,85,2497.97,0.5,142,-1,-1,3.518,2019-11-03 19:35:19
2019-11-03 19:50:45,-1,85,2501.39,0.5,142,-1,-1,3.415,2019-11-03 19:35:20
2019-11-03 19:50:45,-1,84,2504.8,0.5,141,-1,-1,3.415,2019-11-03 19:35:21
2019-11-03 19:50:45,-1,84,2508.24,0.5,142,-1,-1,3.434,2019-11-03 19:35:22
2019-11-03 19:50:45,-1,84,2511.67,0.5,141,-1,-1,3.434,2019-11-03 19:35:23
2019-11-03 19:50:45,-1,83,2515.11,0.5,142,-1,-1,3.443,2019-11-03 19:35:24
2019-11-03 19:50:45,-1,83,2518.56,0.5,142,-1,-1,3.443,2019-11-03 19:35:25
2019-11-03 19:50:45,-1,85,2522.03,0.5,142,-1,-1,3.471,2019-11-03 19:35:26
2019-11-03 19:50:45,-1,85,2525.5,0.5,141,-1,-1,3.471,2019-11-03 19:35:27
2019-11-03 19:50:45,-1,85,2528.98,0.5,141,-1,-1,3.48,2019-11-03 19:35:28
2019-11-03 19:50:45,-1,85,2532.5,0.5,141,-1,-1,3.518,2019-11-03 19:35:29
2019-11-03 19:50:45,-1,85,2536.04,0.5,141,-1,-1,3.546,2019-11-03 19:35:30
2019-11-03 19:50:45,-1,85,2539.59,0.5,141,-1,-1,3.546,2019-11-03 19:35:31
2019-11-03 19:50:45,-1,84,2542.99,0.5,142,-1,-1,3.406,2019-11-03 19:35:32
2019-11-03 19:50:45,-1,84,2546.4,0.5,141,-1,-1,3.406,2019-11-03 19:35:33
2019-11-03 19:50:45,-1,84,2549.74,0.5,141,-1,-1,3.34,2019-11-03 19:35:34
2019-11-03 19:50:45,-1,84,2553.08,0.5,141,-1,-1,3.34,2019-11-03 19:35:35
2019-11-03 19:50:45,-1,84,2556.39,0.5,141,-1,-1,3.312,2019-11-03 19:35:36
2019-11-03 19:50:45,-1,84,2559.7,0.5,142,-1,-1,3.312,2019-11-03 19:35:37
2019-11-03 19:50:45,-1,84,2563.01,0.5,142,-1,-1,3.303,2019-11-03 19:35:38
2019-11-03 19:50:45,-1,84,2566.31,0.5,143,-1,-1,3.303,2019-11-03 19:35:39
2019-11-03 19:50:45,-1,85,2569.61,0.5,144,-1,-1,3.303,2019-11-03 19:35:40
2019-11-03 19:50:45,-1,86,2572.91,0,144,-1,-1,3.303,2019-11-03 19:35:41
2019-11-03 19:50:45,-1,86,2576.19,0,144,-1,-1,3.275,2019-11-03 19:35:42
2019-11-03 19:50:45,-1,85,2579.47,0.5,144,-1,-1,3.275,2019-11-03 19:35:43
2019-11-03 19:50:45,-1,84,2582.89,0.5,144,-1,-1,3.424,2019-11-03 19:35:44
2019-11-03 19:50:45,-1,84,2586.31,0.5,144,-1,-1,3.424,2019-11-03 19:35:45
2019-11-03 19:50:45,-1,84,2589.67,0.5,144,-1,-1,3.359,2019-11-03 19:35:46
2019-11-03 19:50:45,-1,84,2593.03,0.5,143,-1,-1,3.359,2019-11-03 19:35:47
2019-11-03 19:50:45,-1,85,2596.26,0,143,-1,-1,3.228,2019-11-03 19:35:48
2019-11-03 19:50:45,-1,85,2599.49,0,143,-1,-1,3.228,2019-11-03 19:35:49
2019-11-03 19:50:45,-1,85,2603.03,0,143,-1,-1,3.546,2019-11-03 19:35:50
2019-11-03 19:50:45,-1,85,2606.58,0,143,-1,-1,3.546,2019-11-03 19:35:51
2019-11-03 19:50:45,-1,83,2610.64,0,143,-1,-1,4.059,2019-11-03 19:35:52
2019-11-03 19:50:45,-1,83,2614.7,0,143,-1,-1,4.059,2019-11-03 19:35:53
2019-11-03 19:50:45,-1,83,2618.6,0.5,143,-1,-1,3.9,2019-11-03 19:35:54
2019-11-03 19:50:45,-1,83,2622.39,0.5,143,-1,-1,3.788,2019-11-03 19:35:55
2019-11-03 19:50:45,-1,83,2626.02,0.5,143,-1,-1,3.63,2019-11-03 19:35:56
2019-11-03 19:50:45,-1,83,2629.65,0.5,142,-1,-1,3.63,2019-11-03 19:35:57
2019-11-03 19:50:45,-1,83,2633.18,0.5,142,-1,-1,3.536,2019-11-03 19:35:58
2019-11-03 19:50:45,-1,84,2636.72,0.5,143,-1,-1,3.536,2019-11-03 19:35:59
2019-11-03 19:50:45,-1,84,2640.14,0.5,143,-1,-1,3.424,2019-11-03 19:36:00
2019-11-03 19:50:45,-1,84,2643.36,0.5,145,-1,-1,3.219,2019-11-03 19:36:01
2019-11-03 19:50:45,-1,85,2646.59,0.5,145,-1,-1,3.228,2019-11-03 19:36:02
2019-11-03 19:50:45,-1,85,2649.8,0.5,145,-1,-1,3.21,2019-11-03 19:36:03
2019-11-03 19:50:45,-1,85,2653.07,0,144,-1,-1,3.275,2019-11-03 19:36:04
2019-11-03 19:50:45,-1,85,2656.47,0,145,-1,-1,3.387,2019-11-03 19:36:05
2019-11-03 19:50:45,-1,85,2659.96,0,145,-1,-1,3.499,2019-11-03 19:36:06
2019-11-03 19:50:45,-1,85,2663.53,0,145,-1,-1,3.574,2019-11-03 19:36:07
2019-11-03 19:50:45,-1,85,2667.13,0,145,-1,-1,3.592,2019-11-03 19:36:08
2019-11-03 19:50:45,-1,85,2670.77,0,144,-1,-1,3.639,2019-11-03 19:36:09
2019-11-03 19:50:45,-1,85,2674.5,0.5,144,-1,-1,3.732,2019-11-03 19:36:10
2019-11-03 19:50:45,-1,85,2678.56,0.5,144,-1,-1,4.059,2019-11-03 19:36:11
2019-11-03 19:50:45,-1,85,2682.74,0.5,144,-1,-1,4.18,2019-11-03 19:36:12
2019-11-03 19:50:45,-1,85,2686.94,0.5,143,-1,-1,4.199,2019-11-03 19:36:13
2019-11-03 19:50:45,-1,84,2690.95,0.5,144,-1,-1,4.012,2019-11-03 19:36:14
2019-11-03 19:50:45,-1,84,2694.81,0.5,144,-1,-1,3.863,2019-11-03 19:36:15
2019-11-03 19:50:45,-1,84,2698.57,0.5,144,-1,-1,3.751,2019-11-03 19:36:16
2019-11-03 19:50:45,-1,84,2702.21,0.5,144,-1,-1,3.648,2019-11-03 19:36:17
2019-11-03 19:50:45,-1,84,2705.77,0.5,143,-1,-1,3.555,2019-11-03 19:36:18
2019-11-03 19:50:45,-1,84,2709.25,0.5,145,-1,-1,3.49,2019-11-03 19:36:19
2019-11-03 19:50:45,-1,84,2712.76,0.5,145,-1,-1,3.499,2019-11-03 19:36:20
2019-11-03 19:50:45,-1,84,2716.22,0.5,145,-1,-1,3.462,2019-11-03 19:36:21
2019-11-03 19:50:45,-1,84,2719.54,0.5,145,-1,-1,3.322,2019-11-03 19:36:22
2019-11-03 19:50:45,-1,85,2722.78,0.5,144,-1,-1,3.238,2019-11-03 19:36:23
2019-11-03 19:50:45,-1,85,2726.1,0.5,145,-1,-1,3.322,2019-11-03 19:36:24
2019-11-03 19:50:45,-1,85,2729.52,0.5,144,-1,-1,3.424,2019-11-03 19:36:25
2019-11-03 19:50:45,-1,85,2732.97,0.5,144,-1,-1,3.443,2019-11-03 19:36:26
2019-11-03 19:50:45,-1,85,2736.38,0.5,144,-1,-1,3.415,2019-11-03 19:36:27
2019-11-03 19:50:45,-1,85,2739.78,0.5,144,-1,-1,3.396,2019-11-03 19:36:28
2019-11-03 19:50:45,-1,85,2743.2,0.5,144,-1,-1,3.424,2019-11-03 19:36:29
2019-11-03 19:50:45,-1,85,2746.71,0.5,144,-1,-1,3.508,2019-11-03 19:36:30
2019-11-03 19:50:45,-1,85,2750.33,0.5,144,-1,-1,3.62,2019-11-03 19:36:31
2019-11-03 19:50:45,-1,86,2754.09,0,145,-1,-1,3.76,2019-11-03 19:36:32
2019-11-03 19:50:45,-1,85,2757.94,0.5,144,-1,-1,3.854,2019-11-03 19:36:33
2019-11-03 19:50:45,-1,85,2761.98,0.5,145,-1,-1,4.04,2019-11-03 19:36:34
2019-11-03 19:50:45,-1,85,2765.97,0.5,146,-1,-1,3.984,2019-11-03 19:36:35
2019-11-03 19:50:45,-1,84,2770.03,0.5,146,-1,-1,4.068,2019-11-03 19:36:36
2019-11-03 19:50:45,-1,84,2773.99,0.5,147,-1,-1,3.956,2019-11-03 19:36:37
2019-11-03 19:50:45,-1,84,2777.88,0.5,147,-1,-1,3.882,2019-11-03 19:36:38
2019-11-03 19:50:45,-1,84,2781.63,0.5,147,-1,-1,3.76,2019-11-03 19:36:39
2019-11-03 19:50:45,-1,84,2785.13,0.5,146,-1,-1,3.499,2019-11-03 19:36:40
2019-11-03 19:50:45,-1,85,2788.53,0.5,146,-1,-1,3.396,2019-11-03 19:36:41
2019-11-03 19:50:45,-1,85,2791.88,0.5,145,-1,-1,3.35,2019-11-03 19:36:42
2019-11-03 19:50:45,-1,85,2795.33,0.5,145,-1,-1,3.452,2019-11-03 19:36:43
2019-11-03 19:50:45,-1,85,2798.84,0.5,145,-1,-1,3.508,2019-11-03 19:36:44
2019-11-03 19:50:45,-1,85,2802.29,0.5,145,-1,-1,3.452,2019-11-03 19:36:45
2019-11-03 19:50:45,-1,85,2805.59,0.5,145,-1,-1,3.303,2019-11-03 19:36:46
2019-11-03 19:50:45,-1,85,2808.77,0.5,145,-1,-1,3.172,2019-11-03 19:36:47
2019-11-03 19:50:45,-1,84,2811.86,0.5,145,-1,-1,3.088,2019-11-03 19:36:48
2019-11-03 19:50:45,-1,84,2814.92,0.5,144,-1,-1,3.07,2019-11-03 19:36:49
2019-11-03 19:50:45,-1,84,2818.14,0.5,148,-1,-1,3.219,2019-11-03 19:36:50
2019-11-03 19:50:45,-1,84,2821.36,0.5,148,-1,-1,3.219,2019-11-03 19:36:51
2019-11-03 19:50:45,-1,84,2824.6,0.5,148,-1,-1,3.238,2019-11-03 19:36:52
2019-11-03 19:50:45,-1,84,2827.88,0.5,148,-1,-1,3.275,2019-11-03 19:36:53
2019-11-03 19:50:45,-1,84,2831.2,0.5,148,-1,-1,3.322,2019-11-03 19:36:54
2019-11-03 19:50:45,-1,84,2834.51,0.5,148,-1,-1,3.312,2019-11-03 19:36:55
2019-11-03 19:50:45,-1,84,2837.74,0.5,147,-1,-1,3.228,2019-11-03 19:36:56
2019-11-03 19:50:45,-1,84,2840.92,0.5,147,-1,-1,3.182,2019-11-03 19:36:57
2019-11-03 19:50:45,-1,84,2844.11,0.5,147,-1,-1,3.182,2019-11-03 19:36:58
2019-11-03 19:50:45,-1,85,2847.33,0,147,-1,-1,3.228,2019-11-03 19:36:59
2019-11-03 19:50:45,-1,85,2850.61,0,146,-1,-1,3.284,2019-11-03 19:37:00
2019-11-03 19:50:45,-1,85,2854.05,0,145,-1,-1,3.434,2019-11-03 19:37:01
2019-11-03 19:50:45,-1,85,2857.7,0,146,-1,-1,3.648,2019-11-03 19:37:02
2019-11-03 19:50:45,-1,84,2861.42,0,146,-1,-1,3.723,2019-11-03 19:37:03
2019-11-03 19:50:45,-1,84,2865.09,0,146,-1,-1,3.667,2019-11-03 19:37:04
2019-11-03 19:50:45,-1,83,2868.69,0.5,146,-1,-1,3.602,2019-11-03 19:37:05
2019-11-03 19:50:45,-1,83,2872.22,0.5,146,-1,-1,3.536,2019-11-03 19:37:06
2019-11-03 19:50:45,-1,83,2875.72,0.5,145,-1,-1,3.499,2019-11-03 19:37:07
2019-11-03 19:50:45,-1,84,2879.42,0.5,145,-1,-1,3.695,2019-11-03 19:37:08
2019-11-03 19:50:45,-1,85,2883.03,0.5,146,-1,-1,3.611,2019-11-03 19:37:09
2019-11-03 19:50:45,-1,85,2886.75,0.5,145,-1,-1,3.714,2019-11-03 19:37:10
2019-11-03 19:50:45,-1,85,2890.44,0.5,145,-1,-1,3.695,2019-11-03 19:37:11
2019-11-03 19:50:45,-1,84,2894.18,0.5,146,-1,-1,3.742,2019-11-03 19:37:12
2019-11-03 19:50:45,-1,84,2897.9,0.5,145,-1,-1,3.714,2019-11-03 19:37:13
2019-11-03 19:50:45,-1,85,2901.59,0.5,145,-1,-1,3.695,2019-11-03 19:37:14
2019-11-03 19:50:45,-1,85,2905.26,0.5,145,-1,-1,3.676,2019-11-03 19:37:15
2019-11-03 19:50:45,-1,85,2908.97,0.5,147,-1,-1,3.704,2019-11-03 19:37:16
2019-11-03 19:50:45,-1,85,2912.65,0.5,146,-1,-1,3.686,2019-11-03 19:37:17
2019-11-03 19:50:45,-1,85,2916.33,0.5,146,-1,-1,3.676,2019-11-03 19:37:18
2019-11-03 19:50:45,-1,85,2920,0.5,145,-1,-1,3.667,2019-11-03 19:37:19
2019-11-03 19:50:45,-1,85,2923.67,0.5,145,-1,-1,3.667,2019-11-03 19:37:20
2019-11-03 19:50:45,-1,85,2927.36,0.5,144,-1,-1,3.695,2019-11-03 19:37:21
2019-11-03 19:50:45,-1,86,2931.08,0.5,144,-1,-1,3.723,2019-11-03 19:37:22
2019-11-03 19:50:45,-1,86,2934.85,0.5,144,-1,-1,3.76,2019-11-03 19:37:23
2019-11-03 19:50:45,-1,86,2938.72,0.5,145,-1,-1,3.882,2019-11-03 19:37:24
2019-11-03 19:50:45,-1,85,2942.72,0.5,147,-1,-1,3.994,2019-11-03 19:37:25
2019-11-03 19:50:45,-1,86,2946.79,0.5,147,-1,-1,4.068,2019-11-03 19:37:26
2019-11-03 19:50:45,-1,86,2950.92,0.5,147,-1,-1,4.133,2019-11-03 19:37:27
2019-11-03 19:50:45,-1,86,2955.11,0.5,147,-1,-1,4.189,2019-11-03 19:37:28
2019-11-03 19:50:45,-1,86,2959.15,0.5,147,-1,-1,4.04,2019-11-03 19:37:29
2019-11-03 19:50:45,-1,86,2962.91,0.5,149,-1,-1,3.76,2019-11-03 19:37:30
2019-11-03 19:50:45,-1,85,2966.28,0.5,149,-1,-1,3.368,2019-11-03 19:37:31
2019-11-03 19:50:45,-1,85,2969.52,0.5,148,-1,-1,3.238,2019-11-03 19:37:32
2019-11-03 19:50:45,-1,86,2972.58,0.5,148,-1,-1,3.06,2019-11-03 19:37:33
2019-11-03 19:50:45,-1,86,2975.9,0.5,147,-1,-1,3.322,2019-11-03 19:37:34
2019-11-03 19:50:45,-1,86,2979.36,0.5,147,-1,-1,3.462,2019-11-03 19:37:35
2019-11-03 19:50:45,-1,86,2982.92,0,146,-1,-1,3.564,2019-11-03 19:37:36
2019-11-03 19:50:45,-1,86,2986.58,0,147,-1,-1,3.648,2019-11-03 19:37:37
2019-11-03 19:50:45,-1,86,2990.3,0.5,146,-1,-1,3.723,2019-11-03 19:37:38
2019-11-03 19:50:45,-1,86,2994.08,0.5,146,-1,-1,3.779,2019-11-03 19:37:39
2019-11-03 19:50:45,-1,86,2997.92,0.5,147,-1,-1,3.844,2019-11-03 19:37:40
2019-11-03 19:50:45,-1,85,3001.82,0.5,147,-1,-1,3.9,2019-11-03 19:37:41
2019-11-03 19:50:45,-1,85,3005.68,0.5,147,-1,-1,3.863,2019-11-03 19:37:42
2019-11-03 19:50:45,-1,85,3009.54,0.5,146,-1,-1,3.863,2019-11-03 19:37:43
2019-11-03 19:50:45,-1,85,3013.4,0.5,147,-1,-1,3.854,2019-11-03 19:37:44
2019-11-03 19:50:45,-1,85,3017.26,0.5,147,-1,-1,3.863,2019-11-03 19:37:45
2019-11-03 19:50:45,-1,85,3021.12,0.5,147,-1,-1,3.863,2019-11-03 19:37:46
2019-11-03 19:50:45,-1,86,3024.99,0,147,-1,-1,3.863,2019-11-03 19:37:47
2019-11-03 19:50:45,-1,86,3028.85,0,149,-1,-1,3.863,2019-11-03 19:37:48
2019-11-03 19:50:45,-1,86,3032.72,0,149,-1,-1,3.872,2019-11-03 19:37:49
2019-11-03 19:50:45,-1,86,3036.6,0,149,-1,-1,3.872,2019-11-03 19:37:50
2019-11-03 19:50:45,-1,86,3040.47,0.5,148,-1,-1,3.872,2019-11-03 19:37:51
2019-11-03 19:50:45,-1,86,3044.3,0.5,147,-1,-1,3.835,2019-11-03 19:37:52
2019-11-03 19:50:45,-1,86,3048.11,0.5,148,-1,-1,3.807,2019-11-03 19:37:53
2019-11-03 19:50:45,-1,86,3051.88,0,147,-1,-1,3.77,2019-11-03 19:37:54
2019-11-03 19:50:45,-1,85,3055.61,0.5,147,-1,-1,3.732,2019-11-03 19:37:55
2019-11-03 19:50:45,-1,85,3059.31,0.5,147,-1,-1,3.704,2019-11-03 19:37:56
2019-11-03 19:50:45,-1,85,3063,0.5,147,-1,-1,3.686,2019-11-03 19:37:57
2019-11-03 19:50:45,-1,85,3066.66,0.5,146,-1,-1,3.658,2019-11-03 19:37:58
2019-11-03 19:50:45,-1,85,3070.31,0.5,147,-1,-1,3.648,2019-11-03 19:37:59
2019-11-03 19:50:45,-1,86,3073.94,0,147,-1,-1,3.639,2019-11-03 19:38:00
2019-11-03 19:50:45,-1,86,3077.57,0.5,146,-1,-1,3.63,2019-11-03 19:38:01
2019-11-03 19:50:45,-1,86,3081.15,0.5,146,-1,-1,3.574,2019-11-03 19:38:02
2019-11-03 19:50:45,-1,86,3084.65,0.5,147,-1,-1,3.499,2019-11-03 19:38:03
2019-11-03 19:50:45,-1,86,3088.12,0.5,146,-1,-1,3.471,2019-11-03 19:38:04
2019-11-03 19:50:45,-1,86,3091.62,0.5,147,-1,-1,3.499,2019-11-03 19:38:05
2019-11-03 19:50:45,-1,86,3095.02,0.5,146,-1,-1,3.406,2019-11-03 19:38:06
2019-11-03 19:50:45,-1,86,3098.28,0.5,146,-1,-1,3.256,2019-11-03 19:38:07
2019-11-03 19:50:45,-1,86,3101.5,0,146,-1,-1,3.219,2019-11-03 19:38:08
2019-11-03 19:50:45,-1,86,3104.58,0,146,-1,-1,3.079,2019-11-03 19:38:09
2019-11-03 19:50:45,-1,86,3107.82,0,146,-1,-1,3.238,2019-11-03 19:38:10
2019-11-03 19:50:45,-1,86,3111.14,0,146,-1,-1,3.322,2019-11-03 19:38:11
2019-11-03 19:50:45,-1,86,3114.44,0,146,-1,-1,3.303,2019-11-03 19:38:12
2019-11-03 19:50:45,-1,86,3117.66,0,146,-1,-1,3.219,2019-11-03 19:38:13
2019-11-03 19:50:45,-1,86,3120.89,0,146,-1,-1,3.228,2019-11-03 19:38:14
2019-11-03 19:50:45,-1,87,3124.16,0,146,-1,-1,3.275,2019-11-03 19:38:15
2019-11-03 19:50:45,-1,87,3127.82,0,146,-1,-1,3.658,2019-11-03 19:38:16
2019-11-03 19:50:45,-1,87,3131.7,0,146,-1,-1,3.882,2019-11-03 19:38:17
2019-11-03 19:50:45,-1,86,3135.63,0,146,-1,-1,3.928,2019-11-03 19:38:18
2019-11-03 19:50:45,-1,85,3139.52,0.5,146,-1,-1,3.891,2019-11-03 19:38:19
2019-11-03 19:50:45,-1,85,3143.4,0.5,146,-1,-1,3.872,2019-11-03 19:38:20
2019-11-03 19:50:45,-1,86,3147.19,0.5,146,-1,-1,3.798,2019-11-03 19:38:21
2019-11-03 19:50:45,-1,86,3150.99,0.5,147,-1,-1,3.798,2019-11-03 19:38:22
2019-11-03 19:50:45,-1,85,3154.88,0.5,147,-1,-1,3.891,2019-11-03 19:38:23
2019-11-03 19:50:45,-1,85,3158.77,0.5,147,-1,-1,3.891,2019-11-03 19:38:24
2019-11-03 19:50:45,-1,85,3162.99,0.5,147,-1,-1,4.217,2019-11-03 19:38:25
2019-11-03 19:50:45,-1,85,3167.33,0.5,147,-1,-1,4.339,2019-11-03 19:38:26
2019-11-03 19:50:45,-1,85,3171.61,0.5,147,-1,-1,4.283,2019-11-03 19:38:27
2019-11-03 19:50:45,-1,85,3175.9,0.5,147,-1,-1,4.283,2019-11-03 19:38:28
2019-11-03 19:50:45,-1,85,3180.03,0,147,-1,-1,4.133,2019-11-03 19:38:29
2019-11-03 19:50:45,-1,85,3184.16,0,147,-1,-1,4.133,2019-11-03 19:38:30
2019-11-03 19:50:45,-1,85,3188.17,0.5,147,-1,-1,4.003,2019-11-03 19:38:31
2019-11-03 19:50:45,-1,85,3192.17,0.5,147,-1,-1,4.003,2019-11-03 19:38:32
2019-11-03 19:50:45,-1,84,3195.41,0.5,147,-1,-1,3.247,2019-11-03 19:38:33
2019-11-03 19:50:45,-1,84,3198.66,0.5,147,-1,-1,3.247,2019-11-03 19:38:34
2019-11-03 19:50:45,-1,84,3201.14,0.5,146,-1,-1,2.482,2019-11-03 19:38:35
2019-11-03 19:50:45,-1,84,3203.62,0.5,146,-1,-1,2.482,2019-11-03 19:38:36
2019-11-03 19:50:45,-1,84,3206.58,0.5,146,-1,-1,2.958,2019-11-03 19:38:37
2019-11-03 19:50:45,-1,84,3209.54,0.5,146,-1,-1,2.958,2019-11-03 19:38:38
2019-11-03 19:50:45,-1,86,3212.66,0,148,-1,-1,3.116,2019-11-03 19:38:39
2019-11-03 19:50:45,-1,86,3216.12,0,148,-1,-1,3.462,2019-11-03 19:38:40
2019-11-03 19:50:45,-1,86,3219.58,0,148,-1,-1,3.462,2019-11-03 19:38:41
2019-11-03 19:50:45,-1,86,3223.29,0,148,-1,-1,3.704,2019-11-03 19:38:42
2019-11-03 19:50:45,-1,86,3226.99,0,148,-1,-1,3.704,2019-11-03 19:38:43
2019-11-03 19:50:45,-1,86,3230.62,0,147,-1,-1,3.63,2019-11-03 19:38:44
2019-11-03 19:50:45,-1,86,3234.25,0,149,-1,-1,3.63,2019-11-03 19:38:45
2019-11-03 19:50:45,-1,86,3237.79,0,148,-1,-1,3.546,2019-11-03 19:38:46
2019-11-03 19:50:45,-1,86,3241.34,0,147,-1,-1,3.546,2019-11-03 19:38:47
2019-11-03 19:50:45,-1,86,3244.78,0,147,-1,-1,3.443,2019-11-03 19:38:48
2019-11-03 19:50:45,-1,86,3248.22,0,147,-1,-1,3.443,2019-11-03 19:38:49
2019-11-03 19:50:45,-1,86,3251.7,0,147,-1,-1,3.471,2019-11-03 19:38:50
2019-11-03 19:50:45,-1,86,3255.18,0,146,-1,-1,3.48,2019-11-03 19:38:51
2019-11-03 19:50:45,-1,86,3258.66,0,146,-1,-1,3.48,2019-11-03 19:38:52
2019-11-03 19:50:45,-1,85,3262.07,0.5,145,-1,-1,3.415,2019-11-03 19:38:53
2019-11-03 19:50:45,-1,85,3265.67,0.5,145,-1,-1,3.602,2019-11-03 19:38:54
2019-11-03 19:50:45,-1,85,3269.27,0.5,145,-1,-1,3.602,2019-11-03 19:38:55
2019-11-03 19:50:45,-1,85,3273.28,0.5,145,-1,-1,4.003,2019-11-03 19:38:56
2019-11-03 19:50:45,-1,85,3277.28,0.5,145,-1,-1,4.003,2019-11-03 19:38:57
2019-11-03 19:50:45,-1,85,3281.12,0.5,146,-1,-1,3.835,2019-11-03 19:38:58
2019-11-03 19:50:45,-1,86,3284.95,0,145,-1,-1,3.835,2019-11-03 19:38:59
2019-11-03 19:50:45,-1,86,3288.69,0,145,-1,-1,3.742,2019-11-03 19:39:00
2019-11-03 19:50:45,-1,86,3292.43,0,145,-1,-1,3.742,2019-11-03 19:39:01
2019-11-03 19:50:45,-1,86,3296.2,0.5,146,-1,-1,3.77,2019-11-03 19:39:02
2019-11-03 19:50:45,-1,86,3299.97,0.5,148,-1,-1,3.77,2019-11-03 19:39:03
2019-11-03 19:50:45,-1,87,3303.72,0,148,-1,-1,3.751,2019-11-03 19:39:04
2019-11-03 19:50:45,-1,87,3307.48,0,147,-1,-1,3.751,2019-11-03 19:39:05
2019-11-03 19:50:45,-1,87,3311.05,0,147,-1,-1,3.574,2019-11-03 19:39:06
2019-11-03 19:50:45,-1,87,3314.62,0,146,-1,-1,3.574,2019-11-03 19:39:07
2019-11-03 19:50:45,-1,86,3317.8,0,146,-1,-1,3.182,2019-11-03 19:39:08
2019-11-03 19:50:45,-1,86,3320.97,0,146,-1,-1,3.163,2019-11-03 19:39:09
2019-11-03 19:50:45,-1,86,3324.06,0,146,-1,-1,3.088,2019-11-03 19:39:10
2019-11-03 19:50:45,-1,86,3327.14,0,146,-1,-1,3.079,2019-11-03 19:39:11
2019-11-03 19:50:45,-1,86,3330.24,0,146,-1,-1,3.107,2019-11-03 19:39:12
2019-11-03 19:50:45,-1,86,3333.47,0,146,-1,-1,3.228,2019-11-03 19:39:13
2019-11-03 19:50:45,-1,86,3336.64,0,146,-1,-1,3.172,2019-11-03 19:39:14
2019-11-03 19:50:45,-1,86,3339.75,0,146,-1,-1,3.107,2019-11-03 19:39:15
2019-11-03 19:50:45,-1,86,3342.86,0,146,-1,-1,3.107,2019-11-03 19:39:16
2019-11-03 19:50:45,-1,86,3346.03,0,146,-1,-1,3.172,2019-11-03 19:39:17
2019-11-03 19:50:45,-1,86,3349.2,0,146,-1,-1,3.172,2019-11-03 19:39:18
2019-11-03 19:50:45,-1,86,3352.28,0,146,-1,-1,3.079,2019-11-03 19:39:19
2019-11-03 19:50:45,-1,87,3355.36,0,146,-1,-1,3.079,2019-11-03 19:39:20
2019-11-03 19:50:45,-1,87,3358.44,0,146,-1,-1,3.079,2019-11-03 19:39:21
2019-11-03 19:50:45,-1,87,3361.76,0,146,-1,-1,3.322,2019-11-03 19:39:22
2019-11-03 19:50:45,-1,87,3365.08,0,146,-1,-1,3.322,2019-11-03 19:39:23
2019-11-03 19:50:45,-1,87,3368.88,0,146,-1,-1,3.798,2019-11-03 19:39:24
2019-11-03 19:50:45,-1,86,3373.11,0,146,-1,-1,4.227,2019-11-03 19:39:25
2019-11-03 19:50:45,-1,86,3377.33,0,146,-1,-1,4.227,2019-11-03 19:39:26
2019-11-03 19:50:45,-1,86,3381.58,0,147,-1,-1,4.245,2019-11-03 19:39:27
2019-11-03 19:50:45,-1,86,3386,0,146,-1,-1,4.423,2019-11-03 19:39:28
2019-11-03 19:50:45,-1,86,3390.42,0,146,-1,-1,4.423,2019-11-03 19:39:29
2019-11-03 19:50:45,-1,86,3394.72,0,147,-1,-1,4.292,2019-11-03 19:39:30
2019-11-03 19:50:45,-1,86,3398.76,0,147,-1,-1,4.04,2019-11-03 19:39:31
2019-11-03 19:50:45,-1,86,3402.8,0,146,-1,-1,4.04,2019-11-03 19:39:32
2019-11-03 19:50:45,-1,86,3406.94,0,147,-1,-1,4.143,2019-11-03 19:39:33
2019-11-03 19:50:45,-1,86,3410.95,0,147,-1,-1,4.012,2019-11-03 19:39:34
2019-11-03 19:50:45,-1,86,3414.96,0,147,-1,-1,4.012,2019-11-03 19:39:35
2019-11-03 19:50:45,-1,86,3419.02,0,148,-1,-1,4.059,2019-11-03 19:39:36
2019-11-03 19:50:45,-1,86,3423.14,0,147,-1,-1,4.115,2019-11-03 19:39:37
2019-11-03 19:50:45,-1,86,3427.25,0,147,-1,-1,4.115,2019-11-03 19:39:38
2019-11-03 19:50:45,-1,85,3431.31,0.5,147,-1,-1,4.059,2019-11-03 19:39:39
2019-11-03 19:50:45,-1,85,3435.29,0.5,147,-1,-1,3.975,2019-11-03 19:39:40
2019-11-03 19:50:45,-1,85,3439.26,0.5,147,-1,-1,3.975,2019-11-03 19:39:41
2019-11-03 19:50:45,-1,87,3443.23,0,147,-1,-1,3.966,2019-11-03 19:39:42
2019-11-03 19:50:45,-1,86,3447.19,0,146,-1,-1,3.956,2019-11-03 19:39:43
2019-11-03 19:50:45,-1,86,3451.14,0,147,-1,-1,3.956,2019-11-03 19:39:44
2019-11-03 19:50:45,-1,86,3455.09,0,146,-1,-1,3.947,2019-11-03 19:39:45
2019-11-03 19:50:45,-1,86,3459.07,0,146,-1,-1,3.984,2019-11-03 19:39:46
2019-11-03 19:50:45,-1,84,3462.95,0.5,146,-1,-1,3.882,2019-11-03 19:39:47
2019-11-03 19:50:45,-1,84,3466.84,0.5,146,-1,-1,3.882,2019-11-03 19:39:48
2019-11-03 19:50:45,-1,84,3470.49,0.5,146,-1,-1,3.658,2019-11-03 19:39:49
2019-11-03 19:50:45,-1,84,3473.84,0.5,146,-1,-1,3.35,2019-11-03 19:39:50
2019-11-03 19:50:45,-1,84,3477.19,0.5,146,-1,-1,3.35,2019-11-03 19:39:51
2019-11-03 19:50:45,-1,85,3480.61,0.5,146,-1,-1,3.415,2019-11-03 19:39:52
2019-11-03 19:50:45,-1,86,3484.1,0,147,-1,-1,3.49,2019-11-03 19:39:53
2019-11-03 19:50:45,-1,86,3487.59,0,147,-1,-1,3.49,2019-11-03 19:39:54
2019-11-03 19:50:45,-1,86,3491.12,0,147,-1,-1,3.536,2019-11-03 19:39:55
2019-11-03 19:50:45,-1,86,3494.68,0,147,-1,-1,3.555,2019-11-03 19:39:56
2019-11-03 19:50:45,-1,86,3498.23,0,146,-1,-1,3.555,2019-11-03 19:39:57
2019-11-03 19:50:45,-1,86,3501.79,0,146,-1,-1,3.555,2019-11-03 19:39:58
2019-11-03 19:50:45,-1,86,3505.35,0,145,-1,-1,3.555,2019-11-03 19:39:59
2019-11-03 19:50:45,-1,86,3508.94,0,146,-1,-1,3.592,2019-11-03 19:40:00
2019-11-03 19:50:45,-1,85,3512.42,0.5,148,-1,-1,3.49,2019-11-03 19:40:01
2019-11-03 19:50:45,-1,85,3515.91,0.5,148,-1,-1,3.49,2019-11-03 19:40:02
2019-11-03 19:50:45,-1,85,3519.31,0.5,147,-1,-1,3.396,2019-11-03 19:40:03
2019-11-03 19:50:45,-1,85,3522.72,0.5,146,-1,-1,3.406,2019-11-03 19:40:04
2019-11-03 19:50:45,-1,85,3526.12,0.5,146,-1,-1,3.406,2019-11-03 19:40:05
2019-11-03 19:50:45,-1,85,3529.55,0.5,147,-1,-1,3.434,2019-11-03 19:40:06
2019-11-03 19:50:45,-1,85,3533.09,0.5,147,-1,-1,3.536,2019-11-03 19:40:07
2019-11-03 19:50:45,-1,85,3536.63,0.5,147,-1,-1,3.536,2019-11-03 19:40:08
2019-11-03 19:50:45,-1,85,3540.16,0.5,147,-1,-1,3.536,2019-11-03 19:40:09
2019-11-03 19:50:45,-1,86,3543.5,0,148,-1,-1,3.34,2019-11-03 19:40:10
2019-11-03 19:50:45,-1,86,3546.84,0,149,-1,-1,3.34,2019-11-03 19:40:11
2019-11-03 19:50:45,-1,86,3550.17,0,149,-1,-1,3.322,2019-11-03 19:40:12
2019-11-03 19:50:45,-1,87,3553.49,0,148,-1,-1,3.322,2019-11-03 19:40:13
2019-11-03 19:50:45,-1,86,3556.81,0,148,-1,-1,3.322,2019-11-03 19:40:14
2019-11-03 19:50:45,-1,86,3560.14,0,148,-1,-1,3.331,2019-11-03 19:40:15
2019-11-03 19:50:45,-1,86,3563.55,0,147,-1,-1,3.406,2019-11-03 19:40:16
2019-11-03 19:50:45,-1,86,3567.04,0,147,-1,-1,3.49,2019-11-03 19:40:17
2019-11-03 19:50:45,-1,86,3570.59,0,146,-1,-1,3.546,2019-11-03 19:40:18
2019-11-03 19:50:45,-1,86,3574.14,0,146,-1,-1,3.555,2019-11-03 19:40:19
2019-11-03 19:50:45,-1,85,3577.71,0.5,145,-1,-1,3.574,2019-11-03 19:40:20
2019-11-03 19:50:45,-1,85,3581.27,0.5,145,-1,-1,3.564,2019-11-03 19:40:21
2019-11-03 19:50:45,-1,85,3584.84,0.5,145,-1,-1,3.564,2019-11-03 19:40:22
2019-11-03 19:50:45,-1,85,3588.57,0.5,145,-1,-1,3.732,2019-11-03 19:40:23
2019-11-03 19:50:45,-1,85,3592.41,0.5,144,-1,-1,3.835,2019-11-03 19:40:24
2019-11-03 19:50:45,-1,85,3596.24,0.5,144,-1,-1,3.835,2019-11-03 19:40:25
2019-11-03 19:50:45,-1,85,3600.21,0.5,145,-1,-1,3.966,2019-11-03 19:40:26
2019-11-03 19:50:45,-1,85,3604.06,0.5,144,-1,-1,3.854,2019-11-03 19:40:27
2019-11-03 19:50:45,-1,85,3607.91,0.5,144,-1,-1,3.854,2019-11-03 19:40:28
2019-11-03 19:50:45,-1,86,3611.52,0,144,-1,-1,3.611,2019-11-03 19:40:29
2019-11-03 19:50:45,-1,86,3614.75,0,145,-1,-1,3.219,2019-11-03 19:40:30
2019-11-03 19:50:45,-1,86,3617.96,0,145,-1,-1,3.219,2019-11-03 19:40:31
2019-11-03 19:50:45,-1,86,3621.38,0,146,-1,-1,3.415,2019-11-03 19:40:32
2019-11-03 19:50:45,-1,86,3624.79,0,146,-1,-1,3.415,2019-11-03 19:40:33
2019-11-03 19:50:45,-1,86,3628.26,0,146,-1,-1,3.471,2019-11-03 19:40:34
2019-11-03 19:50:45,-1,86,3631.86,0,146,-1,-1,3.592,2019-11-03 19:40:35
2019-11-03 19:50:45,-1,86,3635.45,0,146,-1,-1,3.592,2019-11-03 19:40:36
2019-11-03 19:50:45,-1,86,3639.15,0,146,-1,-1,3.704,2019-11-03 19:40:37
2019-11-03 19:50:45,-1,86,3643.23,0,146,-1,-1,4.068,2019-11-03 19:40:38
2019-11-03 19:50:45,-1,86,3647.29,0,146,-1,-1,4.068,2019-11-03 19:40:39
2019-11-03 19:50:45,-1,86,3651.48,0,147,-1,-1,4.189,2019-11-03 19:40:40
2019-11-03 19:50:45,-1,85,3655.62,0.5,147,-1,-1,4.143,2019-11-03 19:40:41
2019-11-03 19:50:45,-1,85,3659.76,0.5,147,-1,-1,4.143,2019-11-03 19:40:42
2019-11-03 19:50:45,-1,85,3663.8,0.5,147,-1,-1,4.04,2019-11-03 19:40:43
2019-11-03 19:50:45,-1,85,3667.67,0.5,147,-1,-1,3.863,2019-11-03 19:40:44
2019-11-03 19:50:45,-1,85,3671.53,0.5,147,-1,-1,3.863,2019-11-03 19:40:45
2019-11-03 19:50:45,-1,85,3675.36,0.5,147,-1,-1,3.826,2019-11-03 19:40:46
2019-11-03 19:50:45,-1,85,3679.14,0.5,148,-1,-1,3.788,2019-11-03 19:40:47
2019-11-03 19:50:45,-1,86,3682.93,0,148,-1,-1,3.788,2019-11-03 19:40:48
2019-11-03 19:50:45,-1,86,3686.46,0,148,-1,-1,3.527,2019-11-03 19:40:49
2019-11-03 19:50:45,-1,86,3689.7,0,149,-1,-1,3.238,2019-11-03 19:40:50
2019-11-03 19:50:45,-1,86,3692.94,0,149,-1,-1,3.238,2019-11-03 19:40:51
2019-11-03 19:50:45,-1,86,3696.17,0,149,-1,-1,3.238,2019-11-03 19:40:52
2019-11-03 19:50:45,-1,86,3699.56,0,148,-1,-1,3.387,2019-11-03 19:40:53
2019-11-03 19:50:45,-1,86,3702.87,0,148,-1,-1,3.312,2019-11-03 19:40:54
2019-11-03 19:50:45,-1,86,3706.18,0,148,-1,-1,3.312,2019-11-03 19:40:55
2019-11-03 19:50:45,-1,86,3709.35,0,148,-1,-1,3.163,2019-11-03 19:40:56
2019-11-03 19:50:45,-1,86,3712.59,0,149,-1,-1,3.238,2019-11-03 19:40:57
2019-11-03 19:50:45,-1,86,3715.83,0,149,-1,-1,3.238,2019-11-03 19:40:58
2019-11-03 19:50:45,-1,85,3719.07,0.5,149,-1,-1,3.247,2019-11-03 19:40:59
2019-11-03 19:50:45,-1,85,3722.52,0,149,-1,-1,3.443,2019-11-03 19:41:00
2019-11-03 19:50:45,-1,85,3725.96,0,149,-1,-1,3.443,2019-11-03 19:41:01
2019-11-03 19:50:45,-1,85,3729.42,0,149,-1,-1,3.462,2019-11-03 19:41:02
2019-11-03 19:50:45,-1,85,3732.91,0,149,-1,-1,3.49,2019-11-03 19:41:03
2019-11-03 19:50:45,-1,85,3736.43,0.5,149,-1,-1,3.527,2019-11-03 19:41:04
2019-11-03 19:50:45,-1,85,3740.24,0.5,149,-1,-1,3.807,2019-11-03 19:41:05
2019-11-03 19:50:45,-1,85,3744.05,0.5,148,-1,-1,3.807,2019-11-03 19:41:06
2019-11-03 19:50:45,-1,85,3747.9,0.5,148,-1,-1,3.854,2019-11-03 19:41:07
2019-11-03 19:50:45,-1,85,3751.63,0.5,149,-1,-1,3.723,2019-11-03 19:41:08
2019-11-03 19:50:45,-1,85,3755.35,0.5,148,-1,-1,3.723,2019-11-03 19:41:09
2019-11-03 19:50:45,-1,85,3758.92,0.5,149,-1,-1,3.574,2019-11-03 19:41:10
2019-11-03 19:50:45,-1,85,3762.51,0.5,149,-1,-1,3.583,2019-11-03 19:41:11
2019-11-03 19:50:45,-1,85,3766.09,0.5,149,-1,-1,3.583,2019-11-03 19:41:12
2019-11-03 19:50:45,-1,85,3769.74,0.5,149,-1,-1,3.648,2019-11-03 19:41:13
2019-11-03 19:50:45,-1,85,3773.31,0.5,148,-1,-1,3.574,2019-11-03 19:41:14
2019-11-03 19:50:45,-1,85,3776.89,0.5,148,-1,-1,3.574,2019-11-03 19:41:15
2019-11-03 19:50:45,-1,86,3780.42,0,148,-1,-1,3.536,2019-11-03 19:41:16
2019-11-03 19:50:45,-1,86,3783.89,0,149,-1,-1,3.471,2019-11-03 19:41:17
2019-11-03 19:50:45,-1,86,3787.36,0,149,-1,-1,3.471,2019-11-03 19:41:18
2019-11-03 19:50:45,-1,86,3790.79,0,149,-1,-1,3.424,2019-11-03 19:41:19
2019-11-03 19:50:45,-1,86,3794.21,0,149,-1,-1,3.424,2019-11-03 19:41:20
2019-11-03 19:50:45,-1,86,3797.35,0,149,-1,-1,3.135,2019-11-03 19:41:21
2019-11-03 19:50:45,-1,86,3800.48,0,149,-1,-1,3.135,2019-11-03 19:41:22
2019-11-03 19:50:45,-1,86,3803.7,0,148,-1,-1,3.219,2019-11-03 19:41:23
2019-11-03 19:50:45,-1,86,3807,0,148,-1,-1,3.303,2019-11-03 19:41:24
2019-11-03 19:50:45,-1,87,3810.31,0,148,-1,-1,3.303,2019-11-03 19:41:25
2019-11-03 19:50:45,-1,87,3813.7,0,148,-1,-1,3.387,2019-11-03 19:41:26
2019-11-03 19:50:45,-1,87,3817.2,0,148,-1,-1,3.499,2019-11-03 19:41:27
2019-11-03 19:50:45,-1,86,3820.69,0.5,148,-1,-1,3.499,2019-11-03 19:41:28
2019-11-03 19:50:45,-1,86,3824.23,0.5,148,-1,-1,3.536,2019-11-03 19:41:29
2019-11-03 19:50:45,-1,86,3827.72,0.5,148,-1,-1,3.49,2019-11-03 19:41:30
2019-11-03 19:50:45,-1,86,3831.1,0.5,148,-1,-1,3.387,2019-11-03 19:41:31
2019-11-03 19:50:45,-1,85,3834.44,0.5,149,-1,-1,3.34,2019-11-03 19:41:32
2019-11-03 19:50:45,-1,85,3837.74,0.5,149,-1,-1,3.294,2019-11-03 19:41:33
2019-11-03 19:50:45,-1,85,3841.04,0.5,148,-1,-1,3.294,2019-11-03 19:41:34
2019-11-03 19:50:45,-1,86,3844.32,0,148,-1,-1,3.284,2019-11-03 19:41:35
2019-11-03 19:50:45,-1,86,3847.6,0,147,-1,-1,3.284,2019-11-03 19:41:36
2019-11-03 19:50:45,-1,86,3850.73,0,148,-1,-1,3.126,2019-11-03 19:41:37
2019-11-03 19:50:45,-1,85,3853.88,0.5,147,-1,-1,3.154,2019-11-03 19:41:38
2019-11-03 19:50:45,-1,85,3857.04,0.5,147,-1,-1,3.154,2019-11-03 19:41:39
2019-11-03 19:50:45,-1,85,3860.21,0.5,147,-1,-1,3.172,2019-11-03 19:41:40
2019-11-03 19:50:45,-1,85,3863.76,0.5,147,-1,-1,3.555,2019-11-03 19:41:41
2019-11-03 19:50:45,-1,85,3867.32,0.5,146,-1,-1,3.555,2019-11-03 19:41:42
2019-11-03 19:50:45,-1,85,3870.93,0.5,148,-1,-1,3.611,2019-11-03 19:41:43
2019-11-03 19:50:45,-1,86,3874.76,0.5,149,-1,-1,3.835,2019-11-03 19:41:44
2019-11-03 19:50:45,-1,86,3878.6,0.5,149,-1,-1,3.835,2019-11-03 19:41:45
2019-11-03 19:50:45,-1,86,3882.48,0.5,148,-1,-1,3.882,2019-11-03 19:41:46
2019-11-03 19:50:45,-1,85,3886.34,0.5,148,-1,-1,3.854,2019-11-03 19:41:47
2019-11-03 19:50:45,-1,85,3890.19,0.5,148,-1,-1,3.854,2019-11-03 19:41:48
2019-11-03 19:50:45,-1,86,3893.84,0.5,148,-1,-1,3.658,2019-11-03 19:41:49
2019-11-03 19:50:45,-1,86,3897.43,0.5,148,-1,-1,3.583,2019-11-03 19:41:50
2019-11-03 19:50:45,-1,86,3901.01,0.5,148,-1,-1,3.583,2019-11-03 19:41:51
2019-11-03 19:50:45,-1,86,3904.6,0.5,148,-1,-1,3.592,2019-11-03 19:41:52
2019-11-03 19:50:45,-1,86,3908.2,0,148,-1,-1,3.602,2019-11-03 19:41:53
2019-11-03 19:50:45,-1,85,3911.81,0.5,148,-1,-1,3.602,2019-11-03 19:41:54
2019-11-03 19:50:45,-1,85,3915.41,0.5,149,-1,-1,3.602,2019-11-03 19:41:55
2019-11-03 19:50:45,-1,84,3919.01,0.5,148,-1,-1,3.602,2019-11-03 19:41:56
2019-11-03 19:50:45,-1,84,3922.56,0.5,148,-1,-1,3.555,2019-11-03 19:41:57
2019-11-03 19:50:45,-1,84,3925.84,0.5,150,-1,-1,3.275,2019-11-03 19:41:58
2019-11-03 19:50:45,-1,85,3929.11,0.5,149,-1,-1,3.275,2019-11-03 19:41:59
2019-11-03 19:50:45,-1,85,3932.45,0.5,149,-1,-1,3.34,2019-11-03 19:42:00
2019-11-03 19:50:45,-1,86,3935.72,0,149,-1,-1,3.266,2019-11-03 19:42:01
2019-11-03 19:50:45,-1,86,3938.88,0,149,-1,-1,3.163,2019-11-03 19:42:02
2019-11-03 19:50:45,-1,86,3942.05,0,149,-1,-1,3.163,2019-11-03 19:42:03
2019-11-03 19:50:45,-1,86,3945.17,0.5,149,-1,-1,3.126,2019-11-03 19:42:04
2019-11-03 19:50:45,-1,86,3948.07,0.5,147,-1,-1,2.902,2019-11-03 19:42:05
2019-11-03 19:50:45,-1,86,3950.98,0.5,147,-1,-1,2.902,2019-11-03 19:42:06
2019-11-03 19:50:45,-1,86,3954.06,0,148,-1,-1,3.079,2019-11-03 19:42:07
2019-11-03 19:50:45,-1,85,3957.38,0,150,-1,-1,3.322,2019-11-03 19:42:08
2019-11-03 19:50:45,-1,85,3960.7,0,150,-1,-1,3.322,2019-11-03 19:42:09
2019-11-03 19:50:45,-1,85,3964.13,0,150,-1,-1,3.434,2019-11-03 19:42:10
2019-11-03 19:50:45,-1,85,3967.45,0,149,-1,-1,3.322,2019-11-03 19:42:11
2019-11-03 19:50:45,-1,85,3970.78,0,149,-1,-1,3.322,2019-11-03 19:42:12
2019-11-03 19:50:45,-1,85,3974.04,0,148,-1,-1,3.266,2019-11-03 19:42:13
2019-11-03 19:50:45,-1,84,3977.33,0.5,148,-1,-1,3.284,2019-11-03 19:42:14
2019-11-03 19:50:45,-1,84,3980.61,0.5,148,-1,-1,3.284,2019-11-03 19:42:15
2019-11-03 19:50:45,-1,84,3984.06,0.5,148,-1,-1,3.452,2019-11-03 19:42:16
2019-11-03 19:50:45,-1,84,3987.81,0.5,148,-1,-1,3.742,2019-11-03 19:42:17
2019-11-03 19:50:45,-1,84,3991.55,0.5,149,-1,-1,3.742,2019-11-03 19:42:18
2019-11-03 19:50:45,-1,85,3995.31,0,149,-1,-1,3.76,2019-11-03 19:42:19
2019-11-03 19:50:45,-1,85,3999.01,0.5,149,-1,-1,3.704,2019-11-03 19:42:20
2019-11-03 19:50:45,-1,85,4002.64,0.5,149,-1,-1,3.63,2019-11-03 19:42:21
2019-11-03 19:50:45,-1,85,4006.27,0.5,149,-1,-1,3.63,2019-11-03 19:42:22
2019-11-03 19:50:45,-1,85,4009.87,0.5,149,-1,-1,3.592,2019-11-03 19:42:23
2019-11-03 19:50:45,-1,84,4013.3,0.5,148,-1,-1,3.434,2019-11-03 19:42:24
2019-11-03 19:50:45,-1,84,4016.73,0.5,148,-1,-1,3.434,2019-11-03 19:42:25
2019-11-03 19:50:45,-1,84,4020.13,0.5,147,-1,-1,3.396,2019-11-03 19:42:26
2019-11-03 19:50:45,-1,84,4023.37,0.5,148,-1,-1,3.247,2019-11-03 19:42:27
2019-11-03 19:50:45,-1,84,4026.62,0.5,147,-1,-1,3.247,2019-11-03 19:42:28
2019-11-03 19:50:45,-1,84,4029.84,0.5,147,-1,-1,3.219,2019-11-03 19:42:29
2019-11-03 19:50:45,-1,84,4033.21,0.5,148,-1,-1,3.368,2019-11-03 19:42:30
2019-11-03 19:50:45,-1,84,4036.58,0.5,151,-1,-1,3.368,2019-11-03 19:42:31
2019-11-03 19:50:45,-1,86,4039.89,0,151,-1,-1,3.312,2019-11-03 19:42:32
2019-11-03 19:50:45,-1,86,4043.17,0,150,-1,-1,3.284,2019-11-03 19:42:33
2019-11-03 19:50:45,-1,86,4046.46,0,150,-1,-1,3.284,2019-11-03 19:42:34
2019-11-03 19:50:45,-1,85,4049.69,0.5,149,-1,-1,3.228,2019-11-03 19:42:35
2019-11-03 19:50:45,-1,85,4053.04,0,149,-1,-1,3.359,2019-11-03 19:42:36
2019-11-03 19:50:45,-1,85,4056.4,0,149,-1,-1,3.359,2019-11-03 19:42:37
2019-11-03 19:50:45,-1,85,4059.77,0,149,-1,-1,3.359,2019-11-03 19:42:38
2019-11-03 19:50:45,-1,86,4063.08,0,149,-1,-1,3.322,2019-11-03 19:42:39
2019-11-03 19:50:45,-1,86,4066.37,0,149,-1,-1,3.284,2019-11-03 19:42:40
2019-11-03 19:50:45,-1,86,4069.58,0,148,-1,-1,3.21,2019-11-03 19:42:41
2019-11-03 19:50:45,-1,86,4072.79,0,148,-1,-1,3.21,2019-11-03 19:42:42
2019-11-03 19:50:45,-1,85,4076.05,0.5,147,-1,-1,3.256,2019-11-03 19:42:43
2019-11-03 19:50:45,-1,86,4079.53,0.5,147,-1,-1,3.49,2019-11-03 19:42:44
2019-11-03 19:50:45,-1,86,4083.03,0.5,147,-1,-1,3.49,2019-11-03 19:42:45
2019-11-03 19:50:45,-1,86,4086.5,0.5,147,-1,-1,3.48,2019-11-03 19:42:46
2019-11-03 19:50:45,-1,85,4090.02,0.5,147,-1,-1,3.518,2019-11-03 19:42:47
2019-11-03 19:50:45,-1,85,4093.54,0.5,146,-1,-1,3.518,2019-11-03 19:42:48
2019-11-03 19:50:45,-1,85,4097.05,0.5,146,-1,-1,3.508,2019-11-03 19:42:49
2019-11-03 19:50:45,-1,85,4100.52,0.5,145,-1,-1,3.471,2019-11-03 19:42:50
2019-11-03 19:50:45,-1,85,4103.99,0.5,145,-1,-1,3.471,2019-11-03 19:42:51
2019-11-03 19:50:45,-1,85,4107.43,0.5,145,-1,-1,3.443,2019-11-03 19:42:52
2019-11-03 19:50:45,-1,86,4110.84,0.5,145,-1,-1,3.406,2019-11-03 19:42:53
2019-11-03 19:50:45,-1,86,4114.2,0.5,145,-1,-1,3.359,2019-11-03 19:42:54
2019-11-03 19:50:45,-1,86,4117.56,0.5,144,-1,-1,3.359,2019-11-03 19:42:55
2019-11-03 19:50:45,-1,85,4120.92,0.5,144,-1,-1,3.359,2019-11-03 19:42:56
2019-11-03 19:50:45,-1,85,4124.06,0.5,144,-1,-1,3.144,2019-11-03 19:42:57
2019-11-03 19:50:45,-1,85,4127.23,0.5,145,-1,-1,3.163,2019-11-03 19:42:58
2019-11-03 19:50:45,-1,85,4130.54,0.5,144,-1,-1,3.312,2019-11-03 19:42:59
2019-11-03 19:50:45,-1,84,4133.85,0.5,145,-1,-1,3.312,2019-11-03 19:43:00
2019-11-03 19:50:45,-1,84,4137.27,0.5,145,-1,-1,3.424,2019-11-03 19:43:01
2019-11-03 19:50:45,-1,85,4140.74,0.5,147,-1,-1,3.471,2019-11-03 19:43:02
2019-11-03 19:50:45,-1,85,4144.17,0.5,147,-1,-1,3.424,2019-11-03 19:43:03
2019-11-03 19:50:45,-1,84,4147.59,0.5,147,-1,-1,3.424,2019-11-03 19:43:04
2019-11-03 19:50:45,-1,84,4150.99,0.5,152,-1,-1,3.396,2019-11-03 19:43:05
2019-11-03 19:50:45,-1,84,4154.35,0.5,152,-1,-1,3.359,2019-11-03 19:43:06
2019-11-03 19:50:45,-1,84,4157.71,0.5,152,-1,-1,3.359,2019-11-03 19:43:07
2019-11-03 19:50:45,-1,84,4161.01,0.5,151,-1,-1,3.303,2019-11-03 19:43:08
2019-11-03 19:50:45,-1,84,4164.08,0.5,150,-1,-1,3.07,2019-11-03 19:43:09
2019-11-03 19:50:45,-1,85,4167.15,0,150,-1,-1,3.07,2019-11-03 19:43:10
2019-11-03 19:50:45,-1,85,4170.18,0,149,-1,-1,3.032,2019-11-03 19:43:11
2019-11-03 19:50:45,-1,83,4173.29,0.5,148,-1,-1,3.107,2019-11-03 19:43:12
2019-11-03 19:50:45,-1,83,4176.48,0.5,148,-1,-1,3.191,2019-11-03 19:43:13
2019-11-03 19:50:45,-1,84,4179.76,0.5,147,-1,-1,3.275,2019-11-03 19:43:14
2019-11-03 19:50:45,-1,85,4183.03,0.5,147,-1,-1,3.275,2019-11-03 19:43:15
2019-11-03 19:50:45,-1,86,4186.32,0.5,146,-1,-1,3.284,2019-11-03 19:43:16
2019-11-03 19:50:45,-1,86,4189.62,0.5,146,-1,-1,3.303,2019-11-03 19:43:17
2019-11-03 19:50:45,-1,86,4192.92,0.5,146,-1,-1,3.303,2019-11-03 19:43:18
2019-11-03 19:50:45,-1,85,4196.2,0.5,144,-1,-1,3.275,2019-11-03 19:43:19
2019-11-03 19:50:45,-1,85,4199.46,0.5,144,-1,-1,3.266,2019-11-03 19:43:20
2019-11-03 19:50:45,-1,85,4202.76,0.5,144,-1,-1,3.294,2019-11-03 19:43:21
2019-11-03 19:50:45,-1,86,4206.11,0.5,145,-1,-1,3.35,2019-11-03 19:43:22
2019-11-03 19:50:45,-1,86,4209.46,0.5,145,-1,-1,3.35,2019-11-03 19:43:23
2019-11-03 19:50:45,-1,86,4212.84,0.5,145,-1,-1,3.387,2019-11-03 19:43:24
2019-11-03 19:50:45,-1,84,4216,0.5,144,-1,-1,3.154,2019-11-03 19:43:25
2019-11-03 19:50:45,-1,84,4219.15,0.5,144,-1,-1,3.154,2019-11-03 19:43:26
2019-11-03 19:50:45,-1,84,4222.27,0.5,145,-1,-1,3.116,2019-11-03 19:43:27
2019-11-03 19:50:45,-1,83,4225.77,0.5,145,-1,-1,3.508,2019-11-03 19:43:28
2019-11-03 19:50:45,-1,83,4229.28,0.5,145,-1,-1,3.508,2019-11-03 19:43:29
2019-11-03 19:50:45,-1,85,4232.94,0,145,-1,-1,3.658,2019-11-03 19:43:30
2019-11-03 19:50:45,-1,85,4236.54,0,146,-1,-1,3.602,2019-11-03 19:43:31
2019-11-03 19:50:45,-1,85,4240.1,0,146,-1,-1,3.555,2019-11-03 19:43:32
2019-11-03 19:50:45,-1,85,4243.62,0.5,148,-1,-1,3.527,2019-11-03 19:43:33
2019-11-03 19:50:45,-1,85,4247.15,0.5,148,-1,-1,3.527,2019-11-03 19:43:34
2019-11-03 19:50:45,-1,85,4250.67,0.5,149,-1,-1,3.518,2019-11-03 19:43:35
2019-11-03 19:50:45,-1,85,4254,0.5,149,-1,-1,3.331,2019-11-03 19:43:36
2019-11-03 19:50:45,-1,85,4257.33,0.5,148,-1,-1,3.331,2019-11-03 19:43:37
2019-11-03 19:50:45,-1,85,4260.48,0.5,148,-1,-1,3.144,2019-11-03 19:43:38
2019-11-03 19:50:45,-1,86,4263.72,0,149,-1,-1,3.238,2019-11-03 19:43:39
2019-11-03 19:50:45,-1,86,4266.95,0,148,-1,-1,3.238,2019-11-03 19:43:40
2019-11-03 19:50:45,-1,86,4270.2,0,148,-1,-1,3.247,2019-11-03 19:43:41
2019-11-03 19:50:45,-1,86,4273.56,0,148,-1,-1,3.359,2019-11-03 19:43:42
2019-11-03 19:50:45,-1,86,4276.92,0,148,-1,-1,3.359,2019-11-03 19:43:43
2019-11-03 19:50:45,-1,86,4280.36,0,148,-1,-1,3.443,2019-11-03 19:43:44
2019-11-03 19:50:45,-1,86,4283.87,0,148,-1,-1,3.508,2019-11-03 19:43:45
2019-11-03 19:50:45,-1,86,4287.45,0,148,-1,-1,3.583,2019-11-03 19:43:46
2019-11-03 19:50:45,-1,85,4290.8,0.5,147,-1,-1,3.35,2019-11-03 19:43:47
2019-11-03 19:50:45,-1,85,4294.15,0,147,-1,-1,3.35,2019-11-03 19:43:48
2019-11-03 19:50:45,-1,85,4297.44,0.5,148,-1,-1,3.294,2019-11-03 19:43:49
2019-11-03 19:50:45,-1,85,4300.66,0.5,148,-1,-1,3.219,2019-11-03 19:43:50
2019-11-03 19:50:45,-1,85,4303.88,0.5,149,-1,-1,3.219,2019-11-03 19:43:51
2019-11-03 19:50:45,-1,86,4307.13,0.5,149,-1,-1,3.247,2019-11-03 19:43:52
2019-11-03 19:50:45,-1,86,4310.4,0.5,148,-1,-1,3.275,2019-11-03 19:43:53
2019-11-03 19:50:45,-1,86,4313.69,0.5,148,-1,-1,3.284,2019-11-03 19:43:54
2019-11-03 19:50:45,-1,86,4316.99,0.5,148,-1,-1,3.303,2019-11-03 19:43:55
2019-11-03 19:50:45,-1,86,4320.46,0.5,148,-1,-1,3.471,2019-11-03 19:43:56
2019-11-03 19:50:45,-1,86,4323.94,0.5,148,-1,-1,3.471,2019-11-03 19:43:57
2019-11-03 19:50:45,-1,86,4327.45,0.5,148,-1,-1,3.518,2019-11-03 19:43:58
2019-11-03 19:50:45,-1,85,4331.06,0.5,148,-1,-1,3.611,2019-11-03 19:43:59
2019-11-03 19:50:45,-1,85,4334.67,0.5,149,-1,-1,3.611,2019-11-03 19:44:00
2019-11-03 19:50:45,-1,85,4338.28,0.5,149,-1,-1,3.602,2019-11-03 19:44:01
2019-11-03 19:50:45,-1,85,4341.89,0.5,149,-1,-1,3.611,2019-11-03 19:44:02
2019-11-03 19:50:45,-1,85,4345.5,0.5,149,-1,-1,3.611,2019-11-03 19:44:03
2019-11-03 19:50:45,-1,85,4349.11,0.5,150,-1,-1,3.611,2019-11-03 19:44:04
2019-11-03 19:50:45,-1,85,4352.62,0.5,150,-1,-1,3.508,2019-11-03 19:44:05
2019-11-03 19:50:45,-1,85,4356.13,0.5,150,-1,-1,3.508,2019-11-03 19:44:06
2019-11-03 19:50:45,-1,85,4359.57,0.5,150,-1,-1,3.443,2019-11-03 19:44:07
2019-11-03 19:50:45,-1,85,4363.02,0.5,149,-1,-1,3.452,2019-11-03 19:44:08
2019-11-03 19:50:45,-1,85,4366.47,0.5,149,-1,-1,3.452,2019-11-03 19:44:09
2019-11-03 19:50:45,-1,85,4369.96,0.5,154,-1,-1,3.48,2019-11-03 19:44:10
2019-11-03 19:50:45,-1,85,4373.47,0.5,154,-1,-1,3.518,2019-11-03 19:44:11
2019-11-03 19:50:45,-1,85,4376.99,0.5,153,-1,-1,3.518,2019-11-03 19:44:12
2019-11-03 19:50:45,-1,85,4380.56,0.5,152,-1,-1,3.574,2019-11-03 19:44:13
2019-11-03 19:50:45,-1,85,4384.23,0.5,151,-1,-1,3.667,2019-11-03 19:44:14
2019-11-03 19:50:45,-1,85,4387.9,0.5,151,-1,-1,3.667,2019-11-03 19:44:15
2019-11-03 19:50:45,-1,85,4391.63,0.5,151,-1,-1,3.732,2019-11-03 19:44:16
2019-11-03 19:50:45,-1,85,4395.37,0.5,150,-1,-1,3.742,2019-11-03 19:44:17
2019-11-03 19:50:45,-1,85,4399.11,0.5,150,-1,-1,3.742,2019-11-03 19:44:18
2019-11-03 19:50:45,-1,84,4402.88,0.5,150,-1,-1,3.77,2019-11-03 19:44:19
2019-11-03 19:50:45,-1,84,4406.66,0.5,151,-1,-1,3.779,2019-11-03 19:44:20
2019-11-03 19:50:45,-1,85,4410.46,0.5,151,-1,-1,3.798,2019-11-03 19:44:21
2019-11-03 19:50:45,-1,85,4414.26,0.5,151,-1,-1,3.798,2019-11-03 19:44:22
2019-11-03 19:50:45,-1,85,4418.02,0.5,151,-1,-1,3.77,2019-11-03 19:44:23
2019-11-03 19:50:45,-1,86,4421.78,0.5,151,-1,-1,3.751,2019-11-03 19:44:24
2019-11-03 19:50:45,-1,86,4425.53,0.5,151,-1,-1,3.751,2019-11-03 19:44:25
2019-11-03 19:50:45,-1,85,4429.25,0.5,151,-1,-1,3.723,2019-11-03 19:44:26
2019-11-03 19:50:45,-1,85,4432.92,0.5,150,-1,-1,3.667,2019-11-03 19:44:27
2019-11-03 19:50:45,-1,85,4436.58,0.5,149,-1,-1,3.667,2019-11-03 19:44:28
2019-11-03 19:50:45,-1,85,4440.11,0.5,149,-1,-1,3.527,2019-11-03 19:44:29
2019-11-03 19:50:45,-1,85,4443.43,0.5,149,-1,-1,3.312,2019-11-03 19:44:30
2019-11-03 19:50:45,-1,85,4446.74,0.5,149,-1,-1,3.312,2019-11-03 19:44:31
2019-11-03 19:50:45,-1,84,4450.08,0.5,149,-1,-1,3.35,2019-11-03 19:44:32
2019-11-03 19:50:45,-1,84,4453.47,0.5,149,-1,-1,3.387,2019-11-03 19:44:33
2019-11-03 19:50:45,-1,85,4456.87,0.5,149,-1,-1,3.396,2019-11-03 19:44:34
2019-11-03 19:50:45,-1,86,4460.33,0.5,149,-1,-1,3.462,2019-11-03 19:44:35
2019-11-03 19:50:45,-1,86,4463.87,0,150,-1,-1,3.536,2019-11-03 19:44:36
2019-11-03 19:50:45,-1,86,4467.4,0,150,-1,-1,3.536,2019-11-03 19:44:37
2019-11-03 19:50:45,-1,86,4470.95,0,149,-1,-1,3.546,2019-11-03 19:44:38
2019-11-03 19:50:45,-1,85,4474.44,0.5,149,-1,-1,3.49,2019-11-03 19:44:39
2019-11-03 19:50:45,-1,85,4477.93,0.5,149,-1,-1,3.49,2019-11-03 19:44:40
2019-11-03 19:50:45,-1,85,4481.34,0.5,147,-1,-1,3.415,2019-11-03 19:44:41
2019-11-03 19:50:45,-1,86,4484.58,0.5,146,-1,-1,3.238,2019-11-03 19:44:42
2019-11-03 19:50:45,-1,86,4487.82,0.5,147,-1,-1,3.238,2019-11-03 19:44:43
2019-11-03 19:50:45,-1,86,4491.1,0.5,147,-1,-1,3.284,2019-11-03 19:44:44
2019-11-03 19:50:45,-1,86,4494.5,0.5,147,-1,-1,3.396,2019-11-03 19:44:45
2019-11-03 19:50:45,-1,86,4497.9,0.5,146,-1,-1,3.396,2019-11-03 19:44:46
2019-11-03 19:50:45,-1,86,4501.37,0.5,147,-1,-1,3.471,2019-11-03 19:44:47
2019-11-03 19:50:45,-1,86,4505.37,0,146,-1,-1,4.003,2019-11-03 19:44:48
2019-11-03 19:50:45,-1,85,4509.37,0.5,147,-1,-1,4.003,2019-11-03 19:44:49
2019-11-03 19:50:45,-1,85,4513.52,0.5,147,-1,-1,4.152,2019-11-03 19:44:50
2019-11-03 19:50:45,-1,85,4517.95,0.5,147,-1,-1,4.423,2019-11-03 19:44:51
2019-11-03 19:50:45,-1,85,4521.92,0.5,147,-1,-1,3.975,2019-11-03 19:44:52
2019-11-03 19:50:45,-1,84,4525.9,0.5,147,-1,-1,3.975,2019-11-03 19:44:53
2019-11-03 19:50:45,-1,84,4529.56,0.5,147,-1,-1,3.658,2019-11-03 19:44:54
2019-11-03 19:50:45,-1,84,4532.93,0.5,148,-1,-1,3.378,2019-11-03 19:44:55
2019-11-03 19:50:45,-1,85,4536.31,0.5,148,-1,-1,3.378,2019-11-03 19:44:56
2019-11-03 19:50:45,-1,86,4539.64,0.5,148,-1,-1,3.331,2019-11-03 19:44:57
2019-11-03 19:50:45,-1,86,4543.24,0.5,148,-1,-1,3.602,2019-11-03 19:44:58
2019-11-03 19:50:45,-1,86,4546.84,0.5,148,-1,-1,3.602,2019-11-03 19:44:59
2019-11-03 19:50:45,-1,86,4550.45,0.5,148,-1,-1,3.602,2019-11-03 19:45:00
2019-11-03 19:50:45,-1,85,4554.05,0.5,147,-1,-1,3.602,2019-11-03 19:45:01
2019-11-03 19:50:45,-1,85,4557.63,0.5,148,-1,-1,3.583,2019-11-03 19:45:02
2019-11-03 19:50:45,-1,85,4561.16,0.5,148,-1,-1,3.527,2019-11-03 19:45:03
2019-11-03 19:50:45,-1,85,4564.68,0.5,149,-1,-1,3.527,2019-11-03 19:45:04
2019-11-03 19:50:45,-1,85,4568.14,0.5,149,-1,-1,3.452,2019-11-03 19:45:05
2019-11-03 19:50:45,-1,84,4571.51,0.5,148,-1,-1,3.368,2019-11-03 19:45:06
2019-11-03 19:50:45,-1,84,4574.87,0.5,148,-1,-1,3.368,2019-11-03 19:45:07
2019-11-03 19:50:45,-1,85,4578.22,0.5,148,-1,-1,3.35,2019-11-03 19:45:08
2019-11-03 19:50:45,-1,86,4581.45,0,148,-1,-1,3.219,2019-11-03 19:45:09
2019-11-03 19:50:45,-1,86,4584.66,0,148,-1,-1,3.219,2019-11-03 19:45:10
2019-11-03 19:50:45,-1,86,4587.75,0.5,148,-1,-1,3.088,2019-11-03 19:45:11
2019-11-03 19:50:45,-1,86,4590.99,0.5,147,-1,-1,3.238,2019-11-03 19:45:12
2019-11-03 19:50:45,-1,86,4594.23,0.5,147,-1,-1,3.238,2019-11-03 19:45:13
2019-11-03 19:50:45,-1,86,4597.58,0.5,147,-1,-1,3.35,2019-11-03 19:45:14
2019-11-03 19:50:45,-1,86,4600.98,0.5,146,-1,-1,3.406,2019-11-03 19:45:15
2019-11-03 19:50:45,-1,86,4604.39,0.5,147,-1,-1,3.406,2019-11-03 19:45:16
2019-11-03 19:50:45,-1,86,4607.8,0,147,-1,-1,3.415,2019-11-03 19:45:17
2019-11-03 19:50:45,-1,85,4611.2,0.5,147,-1,-1,3.396,2019-11-03 19:45:18
2019-11-03 19:50:45,-1,85,4614.69,0.5,147,-1,-1,3.49,2019-11-03 19:45:19
2019-11-03 19:50:45,-1,85,4618.18,0.5,148,-1,-1,3.49,2019-11-03 19:45:20
2019-11-03 19:50:45,-1,86,4621.96,0.5,148,-1,-1,3.779,2019-11-03 19:45:21
2019-11-03 19:50:45,-1,86,4625.74,0.5,147,-1,-1,3.779,2019-11-03 19:45:22
2019-11-03 19:50:45,-1,86,4629.6,0.5,147,-1,-1,3.863,2019-11-03 19:45:23
2019-11-03 19:50:45,-1,85,4633.4,0.5,147,-1,-1,3.798,2019-11-03 19:45:24
2019-11-03 19:50:45,-1,85,4637.19,0.5,147,-1,-1,3.798,2019-11-03 19:45:25
2019-11-03 19:50:45,-1,84,4640.93,0.5,147,-1,-1,3.732,2019-11-03 19:45:26
2019-11-03 19:50:45,-1,84,4644.98,0.5,147,-1,-1,4.05,2019-11-03 19:45:27
2019-11-03 19:50:45,-1,83,4649.02,0.5,147,-1,-1,4.05,2019-11-03 19:45:28
2019-11-03 19:50:45,-1,83,4653.1,0.5,147,-1,-1,4.078,2019-11-03 19:45:29
2019-11-03 19:50:45,-1,84,4656.43,0,147,-1,-1,3.331,2019-11-03 19:45:30
2019-11-03 19:50:45,-1,84,4659.76,0.5,147,-1,-1,3.331,2019-11-03 19:45:31
2019-11-03 19:50:45,-1,85,4663.04,0,148,-1,-1,3.275,2019-11-03 19:45:32
2019-11-03 19:50:45,-1,86,4666.32,0.5,148,-1,-1,3.275,2019-11-03 19:45:33
2019-11-03 19:50:45,-1,87,4669.73,0,147,-1,-1,3.415,2019-11-03 19:45:34
2019-11-03 19:50:45,-1,87,4673.17,0,147,-1,-1,3.443,2019-11-03 19:45:35
2019-11-03 19:50:45,-1,87,4676.55,0,146,-1,-1,3.378,2019-11-03 19:45:36
2019-11-03 19:50:45,-1,85,4679.94,0.5,146,-1,-1,3.387,2019-11-03 19:45:37
2019-11-03 19:50:45,-1,85,4683.32,0.5,146,-1,-1,3.387,2019-11-03 19:45:38
2019-11-03 19:50:45,-1,86,4686.71,0.5,146,-1,-1,3.387,2019-11-03 19:45:39
2019-11-03 19:50:45,-1,86,4689.89,0.5,146,-1,-1,3.172,2019-11-03 19:45:40
2019-11-03 19:50:45,-1,87,4693.06,0,146,-1,-1,3.172,2019-11-03 19:45:41
2019-11-03 19:50:45,-1,87,4696.24,0,146,-1,-1,3.182,2019-11-03 19:45:42
2019-11-03 19:50:45,-1,87,4699.55,0,146,-1,-1,3.312,2019-11-03 19:45:43
2019-11-03 19:50:45,-1,87,4702.86,0,146,-1,-1,3.312,2019-11-03 19:45:44
2019-11-03 19:50:45,-1,87,4706.14,0,147,-1,-1,3.275,2019-11-03 19:45:45
2019-11-03 19:50:45,-1,87,4709.29,0,147,-1,-1,3.154,2019-11-03 19:45:46
2019-11-03 19:50:45,-1,87,4712.44,0,147,-1,-1,3.154,2019-11-03 19:45:47
2019-11-03 19:50:45,-1,86,4715.63,0.5,146,-1,-1,3.182,2019-11-03 19:45:48
2019-11-03 19:50:45,-1,86,4718.91,0.5,146,-1,-1,3.284,2019-11-03 19:45:49
2019-11-03 19:50:45,-1,86,4722.2,0.5,146,-1,-1,3.284,2019-11-03 19:45:50
2019-11-03 19:50:45,-1,86,4725.56,0.5,146,-1,-1,3.368,2019-11-03 19:45:51
2019-11-03 19:50:45,-1,86,4728.87,0.5,146,-1,-1,3.303,2019-11-03 19:45:52
2019-11-03 19:50:45,-1,86,4732.17,0.5,147,-1,-1,3.303,2019-11-03 19:45:53
2019-11-03 19:50:45,-1,85,4735.45,0.5,147,-1,-1,3.284,2019-11-03 19:45:54
2019-11-03 19:50:45,-1,85,4738.86,0.5,146,-1,-1,3.406,2019-11-03 19:45:55
2019-11-03 19:50:45,-1,86,4742.27,0.5,147,-1,-1,3.406,2019-11-03 19:45:56
2019-11-03 19:50:45,-1,86,4745.78,0.5,147,-1,-1,3.508,2019-11-03 19:45:57
2019-11-03 19:50:45,-1,86,4749.28,0.5,147,-1,-1,3.508,2019-11-03 19:45:58
2019-11-03 19:50:45,-1,85,4752.76,0,148,-1,-1,3.48,2019-11-03 19:45:59
2019-11-03 19:50:45,-1,84,4756.28,0.5,148,-1,-1,3.518,2019-11-03 19:46:00
2019-11-03 19:50:45,-1,84,4759.8,0.5,148,-1,-1,3.518,2019-11-03 19:46:01
2019-11-03 19:50:45,-1,84,4763.32,0.5,148,-1,-1,3.518,2019-11-03 19:46:02
2019-11-03 19:50:45,-1,85,4766.74,0,147,-1,-1,3.424,2019-11-03 19:46:03
2019-11-03 19:50:45,-1,85,4770.17,0.5,148,-1,-1,3.424,2019-11-03 19:46:04
2019-11-03 19:50:45,-1,85,4773.55,0.5,148,-1,-1,3.387,2019-11-03 19:46:05
2019-11-03 19:50:45,-1,85,4776.95,0.5,148,-1,-1,3.396,2019-11-03 19:46:06
2019-11-03 19:50:45,-1,85,4780.35,0.5,148,-1,-1,3.396,2019-11-03 19:46:07
2019-11-03 19:50:45,-1,85,4783.78,0.5,148,-1,-1,3.434,2019-11-03 19:46:08
2019-11-03 19:50:45,-1,86,4787.24,0.5,147,-1,-1,3.462,2019-11-03 19:46:09
2019-11-03 19:50:45,-1,86,4790.73,0.5,147,-1,-1,3.49,2019-11-03 19:46:10
2019-11-03 19:50:45,-1,86,4794.22,0.5,146,-1,-1,3.49,2019-11-03 19:46:11
2019-11-03 19:50:45,-1,85,4797.71,0.5,146,-1,-1,3.49,2019-11-03 19:46:12
2019-11-03 19:50:45,-1,85,4801.11,0.5,146,-1,-1,3.396,2019-11-03 19:46:13
2019-11-03 19:50:45,-1,84,4804.5,0.5,146,-1,-1,3.396,2019-11-03 19:46:14
2019-11-03 19:50:45,-1,84,4807.87,0.5,146,-1,-1,3.368,2019-11-03 19:46:15
2019-11-03 19:50:45,-1,84,4811.2,0.5,146,-1,-1,3.322,2019-11-03 19:46:16
2019-11-03 19:50:45,-1,85,4814.51,0.5,145,-1,-1,3.322,2019-11-03 19:46:17
2019-11-03 19:50:45,-1,85,4817.86,0.5,146,-1,-1,3.35,2019-11-03 19:46:18
2019-11-03 19:50:45,-1,85,4821.25,0.5,146,-1,-1,3.387,2019-11-03 19:46:19
2019-11-03 19:50:45,-1,85,4824.66,0.5,146,-1,-1,3.406,2019-11-03 19:46:20
2019-11-03 19:50:45,-1,85,4828.07,0.5,146,-1,-1,3.415,2019-11-03 19:46:21
2019-11-03 19:50:45,-1,86,4831.51,0.5,154,-1,-1,3.443,2019-11-03 19:46:22
2019-11-03 19:50:45,-1,86,4835.07,0.5,154,-1,-1,3.555,2019-11-03 19:46:23
2019-11-03 19:50:45,-1,86,4838.62,0.5,154,-1,-1,3.555,2019-11-03 19:46:24
2019-11-03 19:50:45,-1,86,4842.19,0.5,154,-1,-1,3.564,2019-11-03 19:46:25
2019-11-03 19:50:45,-1,86,4845.76,0.5,152,-1,-1,3.564,2019-11-03 19:46:26
2019-11-03 19:50:45,-1,86,4849.32,0.5,151,-1,-1,3.564,2019-11-03 19:46:27
2019-11-03 19:50:45,-1,86,4852.86,0.5,151,-1,-1,3.546,2019-11-03 19:46:28
2019-11-03 19:50:45,-1,86,4856.4,0.5,149,-1,-1,3.536,2019-11-03 19:46:29
2019-11-03 19:50:45,-1,86,4859.94,0.5,149,-1,-1,3.536,2019-11-03 19:46:30
2019-11-03 19:50:45,-1,87,4863.24,0,153,-1,-1,3.303,2019-11-03 19:46:31
2019-11-03 19:50:45,-1,87,4866.54,0,153,-1,-1,3.303,2019-11-03 19:46:32
2019-11-03 19:50:45,-1,87,4869.9,0,151,-1,-1,3.359,2019-11-03 19:46:33
2019-11-03 19:50:45,-1,86,4873.3,0.5,150,-1,-1,3.396,2019-11-03 19:46:34
2019-11-03 19:50:45,-1,86,4876.69,0.5,150,-1,-1,3.396,2019-11-03 19:46:35
2019-11-03 19:50:45,-1,86,4880.15,0.5,149,-1,-1,3.452,2019-11-03 19:46:36
2019-11-03 19:50:45,-1,87,4883.6,0,148,-1,-1,3.452,2019-11-03 19:46:37
2019-11-03 19:50:45,-1,87,4887.05,0,147,-1,-1,3.452,2019-11-03 19:46:38
2019-11-03 19:50:45,-1,86,4890.46,0.5,147,-1,-1,3.406,2019-11-03 19:46:39
2019-11-03 19:50:45,-1,84,4893.55,0.5,147,-1,-1,3.088,2019-11-03 19:46:40
2019-11-03 19:50:45,-1,84,4896.63,0.5,147,-1,-1,3.088,2019-11-03 19:46:41
2019-11-03 19:50:45,-1,85,4899.72,0,146,-1,-1,3.088,2019-11-03 19:46:42
2019-11-03 19:50:45,-1,85,4903.1,0,147,-1,-1,3.378,2019-11-03 19:46:43
2019-11-03 19:50:45,-1,85,4906.48,0,146,-1,-1,3.378,2019-11-03 19:46:44
2019-11-03 19:50:45,-1,85,4909.84,0,146,-1,-1,3.359,2019-11-03 19:46:45
2019-11-03 19:50:45,-1,84,4913.17,0.5,147,-1,-1,3.331,2019-11-03 19:46:46
2019-11-03 19:50:45,-1,84,4916.5,0.5,147,-1,-1,3.331,2019-11-03 19:46:47
2019-11-03 19:50:45,-1,85,4919.86,0.5,147,-1,-1,3.359,2019-11-03 19:46:48
2019-11-03 19:50:45,-1,85,4923.29,0.5,147,-1,-1,3.434,2019-11-03 19:46:49
2019-11-03 19:50:45,-1,85,4926.72,0.5,147,-1,-1,3.434,2019-11-03 19:46:50
2019-11-03 19:50:45,-1,86,4930.14,0.5,147,-1,-1,3.415,2019-11-03 19:46:51
2019-11-03 19:50:45,-1,86,4933.67,0.5,147,-1,-1,3.527,2019-11-03 19:46:52
2019-11-03 19:50:45,-1,86,4937.26,0.5,147,-1,-1,3.592,2019-11-03 19:46:53
2019-11-03 19:50:45,-1,86,4940.89,0.5,148,-1,-1,3.63,2019-11-03 19:46:54
2019-11-03 19:50:45,-1,85,4944.42,0.5,147,-1,-1,3.527,2019-11-03 19:46:55
2019-11-03 19:50:45,-1,85,4947.94,0.5,147,-1,-1,3.527,2019-11-03 19:46:56
2019-11-03 19:50:45,-1,85,4951.44,0.5,147,-1,-1,3.499,2019-11-03 19:46:57
2019-11-03 19:50:45,-1,84,4954.85,0.5,147,-1,-1,3.406,2019-11-03 19:46:58
2019-11-03 19:50:45,-1,84,4958.16,0.5,147,-1,-1,3.312,2019-11-03 19:46:59
2019-11-03 19:50:45,-1,84,4961.48,0.5,147,-1,-1,3.312,2019-11-03 19:47:00
2019-11-03 19:50:45,-1,84,4964.65,0.5,147,-1,-1,3.182,2019-11-03 19:47:01
2019-11-03 19:50:45,-1,84,4967.65,0.5,148,-1,-1,2.995,2019-11-03 19:47:02
2019-11-03 19:50:45,-1,84,4970.64,0.5,147,-1,-1,2.995,2019-11-03 19:47:03
2019-11-03 19:50:45,-1,84,4973.75,0.5,148,-1,-1,3.098,2019-11-03 19:47:04
2019-11-03 19:50:45,-1,84,4976.96,0.5,148,-1,-1,3.219,2019-11-03 19:47:05
2019-11-03 19:50:45,-1,85,4980.63,0,148,-1,-1,3.667,2019-11-03 19:47:06
2019-11-03 19:50:45,-1,85,4984.29,0.5,148,-1,-1,3.667,2019-11-03 19:47:07
2019-11-03 19:50:45,-1,86,4988.08,0,147,-1,-1,3.788,2019-11-03 19:47:08
2019-11-03 19:50:45,-1,86,4992.18,0.5,148,-1,-1,4.096,2019-11-03 19:47:09
2019-11-03 19:50:45,-1,86,4996.28,0.5,147,-1,-1,4.096,2019-11-03 19:47:10
2019-11-03 19:50:45,-1,86,5000.26,0.5,148,-1,-1,3.984,2019-11-03 19:47:11
2019-11-03 19:50:45,-1,86,5004.27,0.5,148,-1,-1,4.003,2019-11-03 19:47:12
2019-11-03 19:50:45,-1,86,5008.27,0.5,148,-1,-1,4.003,2019-11-03 19:47:13
2019-11-03 19:50:45,-1,86,5012.21,0.5,148,-1,-1,3.938,2019-11-03 19:47:14
2019-11-03 19:50:45,-1,86,5016.03,0.5,148,-1,-1,3.826,2019-11-03 19:47:15
2019-11-03 19:50:45,-1,85,5019.79,0.5,148,-1,-1,3.76,2019-11-03 19:47:16
2019-11-03 19:50:45,-1,84,5023.51,0.5,148,-1,-1,3.714,2019-11-03 19:47:17
2019-11-03 19:50:45,-1,84,5027.11,0.5,148,-1,-1,3.611,2019-11-03 19:47:18
2019-11-03 19:50:45,-1,84,5030.53,0.5,147,-1,-1,3.415,2019-11-03 19:47:19
2019-11-03 19:50:45,-1,83,5033.89,0.5,147,-1,-1,3.359,2019-11-03 19:47:20
2019-11-03 19:50:45,-1,83,5037.25,0.5,147,-1,-1,3.359,2019-11-03 19:47:21
2019-11-03 19:50:45,-1,84,5040.65,0.5,147,-1,-1,3.406,2019-11-03 19:47:22
2019-11-03 19:50:45,-1,85,5044.12,0.5,147,-1,-1,3.462,2019-11-03 19:47:23
2019-11-03 19:50:45,-1,85,5047.68,0.5,147,-1,-1,3.564,2019-11-03 19:47:24
2019-11-03 19:50:45,-1,85,5051.24,0.5,147,-1,-1,3.564,2019-11-03 19:47:25
2019-11-03 19:50:45,-1,85,5054.83,0.5,148,-1,-1,3.583,2019-11-03 19:47:26
2019-11-03 19:50:45,-1,84,5058.41,0.5,147,-1,-1,3.583,2019-11-03 19:47:27
2019-11-03 19:50:45,-1,85,5061.94,0.5,147,-1,-1,3.527,2019-11-03 19:47:28
2019-11-03 19:50:45,-1,84,5065.4,0.5,147,-1,-1,3.462,2019-11-03 19:47:29
2019-11-03 19:50:45,-1,84,5068.61,0.5,147,-1,-1,3.21,2019-11-03 19:47:30
2019-11-03 19:50:45,-1,84,5071.82,0.5,148,-1,-1,3.21,2019-11-03 19:47:31
2019-11-03 19:50:45,-1,84,5074.98,0.5,148,-1,-1,3.163,2019-11-03 19:47:32
2019-11-03 19:50:45,-1,84,5078.07,0.5,147,-1,-1,3.088,2019-11-03 19:47:33
2019-11-03 19:50:45,-1,85,5081.06,0,148,-1,-1,2.995,2019-11-03 19:47:34
2019-11-03 19:50:45,-1,86,5084.22,0,147,-1,-1,3.154,2019-11-03 19:47:35
2019-11-03 19:50:45,-1,86,5087.51,0,147,-1,-1,3.275,2019-11-03 19:47:36
