timestamp,distance,speed,heart_rate,cadence,time_elapsed,elevation,latitude,longitude,key
2022-01-14T15:48:25Z,2.76,1.764,79,58,0,1692.23,40.020302943885326,-105.29763847589493,8117210422
2022-01-14T15:48:26Z,5.84,2.221,80,58,1,1692.05,40.020317109301686,-105.29760712757707,8117210422
2022-01-14T15:48:27Z,9.26,2.463,82,58,2,1691.72,40.02032917924225,-105.29757007956505,8117210422
2022-01-14T15:48:28Z,13.1,2.641,83,93,3,1691.35,40.020339488983154,-105.29752699658275,8117210422
2022-01-14T15:48:29Z,16.93,3.63,85,93,4,1691.17,40.020347787067294,-105.29748349450529,8117210422
2022-01-14T15:48:30Z,20.75,3.863,87,92,5,1690.99,40.020356168970466,-105.29743999242783,8117210422
2022-01-14T15:48:31Z,24.46,3.863,88,92,6,1690.7,40.02036480233073,-105.29739799909294,8117210422
2022-01-14T15:48:32Z,28.06,3.826,92,91,7,1690.55,40.0203715916723,-105.29735676012933,8117210422
2022-01-14T15:48:33Z,31.49,3.826,93,91,8,1690.24,40.02037838101387,-105.29731753282249,8117210422
2022-01-14T15:48:34Z,34.89,3.676,96,90,9,1690.01,40.02038508653641,-105.2972787246108,8117210422
2022-01-14T15:48:35Z,38.36,3.592,97,89,10,1689.67,40.02039237879217,-105.29723916202784,8117210422
2022-01-14T15:48:36Z,41.88,3.527,99,88,11,1689.48,40.020397240296006,-105.29719817452133,8117210422
2022-01-14T15:48:37Z,45.11,3.518,99,87,12,1689.3,40.02040243707597,-105.29716095887125,8117210422
2022-01-14T15:48:38Z,48.3,3.508,100,87,13,1689.15,40.02040729857981,-105.29712407849729,8117210422
2022-01-14T15:48:39Z,51.6,3.452,100,86,14,1689.04,40.02041216008365,-105.29708585701883,8117210422
2022-01-14T15:48:40Z,55.04,3.406,100,86,15,1688.94,40.02041928470135,-105.29704671353102,8117210422
2022-01-14T15:48:41Z,58.49,3.368,100,86,16,1688.59,40.02042724750936,-105.2970075700432,8117210422
2022-01-14T15:48:42Z,61.8,3.368,100,86,17,1688.43,40.020436719059944,-105.29697085730731,8117210422
2022-01-14T15:48:43Z,64.94,3.368,100,86,18,1688.26,40.02044493332505,-105.296935653314,8117210422
2022-01-14T15:48:44Z,68.21,3.368,100,86,19,1688.06,40.02045398578048,-105.2968991920352,8117210422
2022-01-14T15:48:45Z,71.48,3.34,100,86,20,1687.39,40.02046354115009,-105.2968629822135,8117210422
2022-01-14T15:48:46Z,74.78,3.34,100,86,21,1687.22,40.02047318033874,-105.29682635329664,8117210422
2022-01-14T15:48:47Z,77.93,3.322,100,86,22,1687.05,40.02048105932772,-105.29679081402719,8117210422
2022-01-14T15:48:48Z,81.06,3.322,100,87,23,1686.88,40.02048650756478,-105.29675485566258,8117210422
2022-01-14T15:48:49Z,84.42,3.312,99,87,24,1686.7,40.02049363218248,-105.29671663418412,8117210422
2022-01-14T15:48:50Z,87.94,3.312,96,86,25,1686.44,40.02050000242889,-105.29667623341084,8117210422
2022-01-14T15:48:51Z,91.61,3.322,96,85,26,1686.22,40.02050285227597,-105.2966333180666,8117210422
2022-01-14T15:48:52Z,95.45,3.331,90,85,27,1686,40.020508049055934,-105.29658847488463,8117210422
2022-01-14T15:48:53Z,99.13,3.35,89,86,28,1685.55,40.020513916388154,-105.29654597863555,8117210422
2022-01-14T15:48:54Z,102.7,3.368,88,86,29,1685.32,40.02051961608231,-105.29650457203388,8117210422
2022-01-14T15:48:55Z,106.11,3.387,87,87,30,1685.09,40.02052498050034,-105.29646500945091,8117210422
2022-01-14T15:48:56Z,109.59,3.396,86,87,31,1684.83,40.020532105118036,-105.29642527922988,8117210422
2022-01-14T15:48:57Z,113.32,3.396,85,87,32,1684.61,40.02053998410702,-105.29638269916177,8117210422
2022-01-14T15:48:58Z,117.02,3.406,85,86,33,1684.38,40.020548701286316,-105.29634070582688,8117210422
2022-01-14T15:48:59Z,120.39,3.415,84,86,34,1684.13,40.02055909484625,-105.2963034901768,8117210422
2022-01-14T15:49:00Z,123.44,3.424,84,86,35,1683.65,40.020574014633894,-105.29627298004925,8117210422
2022-01-14T15:49:01Z,125.97,3.424,84,87,36,1683.42,40.02059102989733,-105.29625210911036,8117210422
2022-01-14T15:49:02Z,128.17,3.406,84,90,37,1683.1,40.020609805360436,-105.29624288901687,8117210422
2022-01-14T15:49:03Z,130.38,3.35,84,90,38,1683.1,40.02062992192805,-105.29624406248331,8117210422
2022-01-14T15:49:04Z,132.52,3.275,84,90,39,1682.62,40.02064903266728,-105.29624808579683,8117210422
2022-01-14T15:49:05Z,134.79,3.21,84,90,40,1682.62,40.02066873013973,-105.29625529423356,8117210422
2022-01-14T15:49:06Z,136.41,3.116,84,90,41,1682.15,40.0206823926419,-105.29626250267029,8117210422
2022-01-14T15:49:07Z,137.65,3.051,84,89,42,1682.28,40.02069169655442,-105.2962704654783,8117210422
2022-01-14T15:49:08Z,139.09,2.939,84,88,43,1682.28,40.020703095942736,-105.29627859592438,8117210422
2022-01-14T15:49:09Z,140.94,2.109,84,88,44,1681.87,40.02071893773973,-105.29628538526595,8117210422
2022-01-14T15:49:10Z,143.46,2.109,84,87,45,1681.87,40.020741149783134,-105.29629167169333,8117210422
2022-01-14T15:49:11Z,146.16,2.118,84,87,46,1681.55,40.02076478675008,-105.29629921540618,8117210422
2022-01-14T15:49:12Z,148.64,2.482,84,87,47,1681.37,40.0207862444222,-105.29630759730935,8117210422
2022-01-14T15:49:13Z,150.68,2.622,84,87,48,1681.37,40.02080443315208,-105.29631027951837,8117210422
2022-01-14T15:49:14Z,152.03,2.622,84,87,49,1681.23,40.02081633545458,-105.29630659148097,8117210422
2022-01-14T15:49:15Z,154.22,2.529,84,85,50,1681.23,40.020836032927036,-105.29630449600518,8117210422
2022-01-14T15:49:16Z,156.24,2.314,84,85,51,1681.12,40.02085371874273,-105.29629871249199,8117210422
2022-01-14T15:49:17Z,159.25,2.286,84,86,52,1681.12,40.02088020555675,-105.29629125259817,8117210422
2022-01-14T15:49:18Z,162.33,2.286,84,86,53,1681.17,40.02090744674206,-105.29628454707563,8117210422
2022-01-14T15:49:19Z,164.75,2.407,84,86,54,1681.34,40.020928820595145,-105.29627851210535,8117210422
2022-01-14T15:49:20Z,166.88,2.538,84,86,55,1681.34,40.020947931334376,-105.29627490788698,8117210422
2022-01-14T15:49:21Z,168.71,2.538,84,86,56,1681.61,40.02096377313137,-105.29626719653606,8117210422
2022-01-14T15:49:22Z,169.86,2.501,84,86,57,1681.61,40.02097458578646,-105.29626660980284,8117210422
2022-01-14T15:49:23Z,171.28,2.454,84,86,58,1681.61,40.02098682336509,-105.2962725609541,8117210422
2022-01-14T15:49:24Z,172.56,2.361,84,92,59,1682.04,40.020995205268264,-105.29628320597112,8117210422
2022-01-14T15:49:25Z,174.31,2.314,84,92,60,1682.04,40.021008448675275,-105.2962950244546,8117210422
2022-01-14T15:49:26Z,176.3,2.249,84,92,61,1682.15,40.02102294936776,-105.29630868695676,8117210422
2022-01-14T15:49:27Z,177.76,2.23,84,92,62,1682.9,40.02103267237544,-105.29632050544024,8117210422
2022-01-14T15:49:28Z,179.49,2.193,84,92,63,1682.9,40.02104373648763,-105.29633475467563,8117210422
2022-01-14T15:49:29Z,181.21,2.146,84,92,64,1683.13,40.021053962409496,-105.29634992592037,8117210422
2022-01-14T15:49:30Z,182.74,2.118,84,92,65,1684.18,40.021063182502985,-105.2963635046035,8117210422
2022-01-14T15:49:31Z,184.3,2.099,84,92,66,1684.49,40.02107416279614,-105.2963756583631,8117210422
2022-01-14T15:49:32Z,185.62,2.034,84,58,67,1684.49,40.021084723994136,-105.29638395644724,8117210422
2022-01-14T15:49:33Z,186.82,1.978,84,58,68,1685.7,40.02109511755407,-105.29639032669365,8117210422
2022-01-14T15:49:34Z,187.95,1.838,84,58,69,1685.7,40.02110266126692,-105.2963997144252,8117210422
2022-01-14T15:49:35Z,189.05,1.736,84,58,70,1685.7,40.021112048998475,-105.29640616849065,8117210422
2022-01-14T15:49:36Z,189.58,1.642,84,58,71,1685.95,40.02111674286425,-105.29640859924257,8117210422
2022-01-14T15:49:37Z,190.58,1.456,85,48,72,1685.95,40.021125292405486,-105.29641295783222,8117210422
2022-01-14T15:49:38Z,191.48,1.26,86,48,73,1687.1,40.02113384194672,-105.29641446657479,8117210422
2022-01-14T15:49:39Z,192.53,1.054,86,48,74,1687.1,40.02114339731634,-105.2964171487838,8117210422
2022-01-14T15:49:40Z,193.45,0.933,86,48,75,1687.1,40.021152114495635,-105.29641916044056,8117210422
2022-01-14T15:49:41Z,194.26,0.933,88,48,76,1687.1,40.02116016112268,-105.29641890898347,8117210422
2022-01-14T15:49:42Z,195.32,0.933,89,48,77,1688.19,40.02116988413036,-105.29641505330801,8117210422
2022-01-14T15:49:43Z,196.62,0.914,106,48,78,1688.19,40.02118069678545,-105.29640792869031,8117210422
2022-01-14T15:49:44Z,198.05,0.905,115,48,79,1688.07,40.021192599087954,-105.29640105552971,8117210422
2022-01-14T15:49:45Z,199.46,0.961,118,48,80,1689.09,40.021204333752394,-105.29639443382621,8117210422
2022-01-14T15:49:46Z,200.57,0.98,120,48,81,1689.09,40.021213721483946,-105.29638948850334,8117210422
2022-01-14T15:49:47Z,201.67,1.008,121,48,82,1689.09,40.02122352831066,-105.29639242216945,8117210422
2022-01-14T15:49:48Z,203,1.008,122,0,83,1689.09,40.021233251318336,-105.29640214517713,8117210422
2022-01-14T15:49:49Z,204.25,1.008,122,0,84,1690.11,40.02124071121216,-105.2964137122035,8117210422
2022-01-14T15:49:50Z,205.5,1.045,123,0,85,1690.11,40.02124967984855,-105.29642251320183,8117210422
2022-01-14T15:49:51Z,206.97,1.082,123,0,86,1690.11,40.0212627556175,-105.29642662033439,8117210422
2022-01-14T15:49:52Z,208.12,1.12,123,0,87,1691.02,40.021273232996464,-105.29642821289599,8117210422
2022-01-14T15:49:53Z,209.43,1.166,124,0,88,1691.02,40.02128530293703,-105.29642871581018,8117210422
2022-01-14T15:49:54Z,210.75,1.176,124,0,89,1691.02,40.021297205239534,-105.29642720706761,8117210422
2022-01-14T15:49:55Z,212.17,1.194,124,0,90,1691.95,40.021309945732355,-105.29642502777278,8117210422
2022-01-14T15:49:56Z,213.31,1.204,124,0,91,1691.95,40.021319668740034,-105.29642008244991,8117210422
2022-01-14T15:49:57Z,214.36,1.222,124,0,92,1691.95,40.02132880501449,-105.29641647823155,8117210422
2022-01-14T15:49:58Z,215.51,1.222,125,0,93,1691.95,40.02133852802217,-105.29641220346093,8117210422
2022-01-14T15:49:59Z,216.36,1.222,125,0,94,1692.64,40.02134473063052,-105.2964052464813,8117210422
2022-01-14T15:50:00Z,217.34,1.222,125,0,95,1692.64,40.02135328017175,-105.29640222899616,8117210422
2022-01-14T15:50:01Z,218.18,1.204,126,0,96,1692.64,40.02136099152267,-105.29640323482454,8117210422
2022-01-14T15:50:02Z,219.26,1.194,126,61,97,1692.64,40.02137071453035,-105.29640382155776,8117210422
2022-01-14T15:50:03Z,220.1,1.148,127,61,98,1693.46,40.0213782582432,-105.29640264809132,8117210422
2022-01-14T15:50:04Z,220.97,1.138,127,61,99,1693.46,40.02138580195606,-105.29639896005392,8117210422
2022-01-14T15:50:05Z,221.66,1.11,127,54,100,1693.46,40.021391501650214,-105.29639527201653,8117210422
2022-01-14T15:50:06Z,222.4,1.092,127,54,101,1693.46,40.02139820717275,-105.2963949367404,8117210422
2022-01-14T15:50:07Z,223.28,1.008,128,54,102,1693.46,40.021406169980764,-105.29639485292137,8117210422
2022-01-14T15:50:08Z,224.24,0.933,127,52,103,1694.23,40.02141463570297,-105.29639694839716,8117210422
2022-01-14T15:50:09Z,224.94,0.914,128,52,104,1694.23,40.02142100594938,-105.29639686457813,8117210422
2022-01-14T15:50:10Z,226.1,0.905,128,52,105,1694.23,40.02143139950931,-105.2963981218636,8117210422
2022-01-14T15:50:11Z,227.06,0.905,128,52,106,1694.23,40.02143860794604,-105.29640465974808,8117210422
2022-01-14T15:50:12Z,228.25,0.896,128,52,107,1694.58,40.021443804726005,-105.29641807079315,8117210422
2022-01-14T15:50:13Z,229.33,0.905,128,52,108,1695.34,40.02144539728761,-105.29643206857145,8117210422
2022-01-14T15:50:14Z,230.39,0.914,128,52,109,1695.8,40.021450174972415,-105.29644279740751,8117210422
2022-01-14T15:50:15Z,231.49,0.924,129,52,110,1695.8,40.02145444974303,-105.29645436443388,8117210422
2022-01-14T15:50:16Z,232.58,0.933,129,52,111,1695.8,40.02145763486624,-105.29646651819348,8117210422
2022-01-14T15:50:17Z,233.82,0.942,129,52,112,1696.31,40.02146350219846,-105.29647892341018,8117210422
2022-01-14T15:50:18Z,235.09,0.952,129,52,113,1696.31,40.02146895043552,-105.29649199917912,8117210422
2022-01-14T15:50:19Z,236.36,0.961,129,52,114,1696.31,40.02147766761482,-105.29650264419615,8117210422
2022-01-14T15:50:20Z,237.53,0.97,129,52,115,1697.01,40.02148705534637,-105.29651027172804,8117210422
2022-01-14T15:50:21Z,238.61,0.98,129,52,116,1697.53,40.02149602398276,-105.29651605524123,8117210422
2022-01-14T15:50:22Z,239.76,0.989,129,52,117,1697.53,40.021505914628506,-105.29652116820216,8117210422
2022-01-14T15:50:23Z,240.71,0.989,129,52,118,1697.53,40.02151404507458,-105.29652527533472,8117210422
2022-01-14T15:50:24Z,241.6,0.989,129,52,119,1698.23,40.02152133733034,-105.29652963392437,8117210422
2022-01-14T15:50:25Z,242.68,0.989,129,52,120,1698.23,40.02153072506189,-105.29653399251401,8117210422
2022-01-14T15:50:26Z,243.76,0.989,129,52,121,1698.23,40.021541034802794,-105.29653483070433,8117210422
2022-01-14T15:50:27Z,244.63,0.989,129,48,122,1698.23,40.02154824323952,-105.29653893783689,8117210422
2022-01-14T15:50:28Z,245.58,0.989,129,48,123,1699,40.02155561931431,-105.29654455371201,8117210422
2022-01-14T15:50:29Z,246.51,0.98,129,48,124,1699.71,40.021559558808804,-105.29655494727194,8117210422
2022-01-14T15:50:30Z,247.5,0.97,129,48,125,1699.71,40.02156626433134,-105.29656257480383,8117210422
2022-01-14T15:50:31Z,248.39,0.961,129,48,126,1699.71,40.021572802215815,-105.29656902886927,8117210422
2022-01-14T15:50:32Z,249.7,0.961,129,48,127,1699.71,40.021582609042525,-105.2965780813247,8117210422
2022-01-14T15:50:33Z,250.78,0.961,129,48,128,1701.37,40.02159006893635,-105.29658621177077,8117210422
2022-01-14T15:50:34Z,251.67,0.97,129,48,129,1701.37,40.02159568481147,-105.2965936716646,8117210422
2022-01-14T15:50:35Z,252.25,0.97,129,48,130,1701.37,40.021600630134344,-105.2965966053307,8117210422
2022-01-14T15:50:36Z,253.14,0.97,129,48,131,1701.37,40.02160741947591,-105.2966021373868,8117210422
2022-01-14T15:50:37Z,253.77,0.952,129,48,132,1701.37,40.02161085605621,-105.29660825617611,8117210422
2022-01-14T15:50:38Z,254.44,0.933,129,48,133,1701.37,40.02161496318877,-105.29661395587027,8117210422
2022-01-14T15:50:39Z,254.95,0.914,129,48,134,1702.05,40.02161806449294,-105.29661831445992,8117210422
2022-01-14T15:50:40Z,255.49,0.896,130,48,135,1702.05,40.02161739394069,-105.29662602581084,8117210422
2022-01-14T15:50:41Z,255.96,0.877,129,48,136,1702.05,40.02161739394069,-105.29663214460015,8117210422
2022-01-14T15:50:42Z,256.71,0.868,129,48,137,1702.05,40.021618735045195,-105.29664102941751,8117210422
2022-01-14T15:50:43Z,257.78,0.84,129,57,138,1703.08,40.0216219201684,-105.29665293172002,8117210422
2022-01-14T15:50:44Z,259.01,0.84,130,57,139,1703.08,40.02162862569094,-105.2966644987464,8117210422
2022-01-14T15:50:45Z,260.02,0.858,130,57,140,1703.08,40.021632397547364,-105.29667547903955,8117210422
2022-01-14T15:50:46Z,261.33,0.952,130,57,141,1703.86,40.02163943834603,-105.29668771661818,8117210422
2022-01-14T15:50:47Z,262.13,0.97,130,57,142,1703.86,40.02164295874536,-105.29669593088329,8117210422
2022-01-14T15:50:48Z,262.81,0.97,130,57,143,1703.86,40.02164522185922,-105.29670355841517,8117210422
2022-01-14T15:50:49Z,263.46,0.97,130,57,144,1703.86,40.02164790406823,-105.29671085067093,8117210422
2022-01-14T15:50:50Z,264.44,0.924,130,57,145,1703.86,40.02165234647691,-105.29672090895474,8117210422
2022-01-14T15:50:51Z,265.39,0.924,130,57,146,1704.8,40.02165511250496,-105.29673222452402,8117210422
2022-01-14T15:50:52Z,265.95,0.924,130,57,147,1704.8,40.02165117301047,-105.2967416960746,8117210422
2022-01-14T15:50:53Z,267.12,0.924,129,46,148,1704.8,40.0216494128108,-105.29675628058612,8117210422
2022-01-14T15:50:54Z,268.11,0.933,129,46,149,1705.83,40.021648071706295,-105.29676818288863,8117210422
2022-01-14T15:50:55Z,269.01,0.98,129,46,150,1705.83,40.02164740115404,-105.29677891172469,8117210422
2022-01-14T15:50:56Z,269.69,0.98,128,46,151,1705.83,40.02164798788726,-105.29678679071367,8117210422
2022-01-14T15:50:57Z,270.44,0.942,129,46,152,1706.81,40.02164823934436,-105.296795591712,8117210422
2022-01-14T15:50:58Z,271.5,0.877,129,46,153,1706.81,40.0216443836689,-105.29680741019547,8117210422
2022-01-14T15:50:59Z,272.74,0.877,129,46,154,1706.81,40.02164203673601,-105.29682165943086,8117210422
2022-01-14T15:51:00Z,273.91,0.877,129,46,155,1707.74,40.0216375105083,-105.29683414846659,8117210422
2022-01-14T15:51:01Z,275.05,0.886,129,46,156,1707.74,40.02163181081414,-105.29684538021684,8117210422
2022-01-14T15:51:02Z,276.37,0.905,130,57,157,1707.74,40.02162384800613,-105.29685719870031,8117210422
2022-01-14T15:51:03Z,277.99,0.914,130,57,158,1708.18,40.0216134544462,-105.29687086120248,8117210422
2022-01-14T15:51:04Z,279.5,0.97,131,57,159,1708.18,40.02160322852433,-105.29688293114305,8117210422
2022-01-14T15:51:05Z,280.63,1.101,131,57,160,1708.18,40.02159702591598,-105.29689332470298,8117210422
2022-01-14T15:51:06Z,282.15,1.185,131,57,161,1709.21,40.02158956602216,-105.29690841212869,8117210422
2022-01-14T15:51:07Z,283.65,1.194,131,48,162,1708.75,40.02158269286156,-105.2969234995544,8117210422
2022-01-14T15:51:08Z,285.16,1.222,131,48,163,1709.77,40.021575232967734,-105.29693841934204,8117210422
2022-01-14T15:51:09Z,286.6,1.26,131,48,164,1709.77,40.021567437797785,-105.29695191420615,8117210422
2022-01-14T15:51:10Z,287.82,1.297,131,48,165,1709.77,40.02156098373234,-105.29696348123252,8117210422
2022-01-14T15:51:11Z,288.94,1.297,131,48,166,1710.68,40.02155302092433,-105.29697219841182,8117210422
2022-01-14T15:51:12Z,290.32,1.288,131,48,167,1710.21,40.02154329791665,-105.29698267579079,8117210422
2022-01-14T15:51:13Z,291.73,1.288,131,48,168,1710.21,40.021535670384765,-105.29699583537877,8117210422
2022-01-14T15:51:14Z,293,1.288,131,48,169,1710.97,40.021530305966735,-105.29700916260481,8117210422
2022-01-14T15:51:15Z,294.47,1.297,131,48,170,1710.97,40.02152385190129,-105.29702416621149,8117210422
2022-01-14T15:51:16Z,295.9,1.306,131,51,171,1711.59,40.02151739783585,-105.29703916981816,8117210422
2022-01-14T15:51:17Z,297.33,1.316,131,51,172,1711.14,40.021511698141694,-105.29705417342484,8117210422
2022-01-14T15:51:18Z,298.53,1.325,131,51,173,1711.14,40.02150809392333,-105.29706758446991,8117210422
2022-01-14T15:51:19Z,299.61,1.325,131,51,174,1711.68,40.02150599844754,-105.29707990586758,8117210422
2022-01-14T15:51:20Z,300.66,1.297,130,51,175,1711.68,40.02150381915271,-105.29709197580814,8117210422
2022-01-14T15:51:21Z,301.74,1.278,131,51,176,1711.68,40.02150624990463,-105.29710480012,8117210422
2022-01-14T15:51:22Z,302.79,1.25,131,51,177,1712.22,40.021509854122996,-105.29711871407926,8117210422
2022-01-14T15:51:23Z,303.86,1.241,130,51,178,1712.22,40.021511279046535,-105.29713187366724,8117210422
2022-01-14T15:51:24Z,305.08,1.232,130,51,179,1712.8,40.02150909975171,-105.29714587144554,8117210422
2022-01-14T15:51:25Z,306.12,1.222,130,58,180,1712.8,40.02150792628527,-105.2971579413861,8117210422
2022-01-14T15:51:26Z,307.31,1.213,130,58,181,1712.8,40.02151060849428,-105.29717160388827,8117210422
2022-01-14T15:51:27Z,308.73,1.194,131,58,182,1713.41,40.02151102758944,-105.29718828387558,8117210422
2022-01-14T15:51:28Z,309.94,1.194,130,58,183,1713.41,40.02151161432266,-105.29720253311098,8117210422
2022-01-14T15:51:29Z,311.44,1.241,131,58,184,1714.02,40.02151203341782,-105.29722038656473,8117210422
2022-01-14T15:51:30Z,312.88,1.25,130,58,185,1714.02,40.021513206884265,-105.29723731800914,8117210422
2022-01-14T15:51:31Z,314.18,1.269,131,58,186,1714.64,40.0215130392462,-105.29725257307291,8117210422
2022-01-14T15:51:32Z,315.15,1.269,131,52,187,1714.64,40.02151010558009,-105.29726330190897,8117210422
2022-01-14T15:51:33Z,316.65,1.269,131,52,188,1714.64,40.021503986790776,-105.2972789760679,8117210422
2022-01-14T15:51:34Z,318.48,1.25,131,56,189,1715.24,40.021495101973414,-105.29729708097875,8117210422
2022-01-14T15:51:35Z,319.82,1.25,132,56,190,1715.24,40.02148722298443,-105.29730948619545,8117210422
2022-01-14T15:51:36Z,320.68,1.269,132,54,191,1715.24,40.02148068509996,-105.29731485061347,8117210422
2022-01-14T15:51:37Z,322.05,1.278,132,54,192,1715.33,40.02147372812033,-105.29732817783952,8117210422
2022-01-14T15:51:38Z,323.45,1.241,132,54,193,1715.33,40.02146752551198,-105.297342678532,8117210422
2022-01-14T15:51:39Z,324.68,1.241,132,58,194,1715.33,40.021459897980094,-105.29735340736806,8117210422
2022-01-14T15:51:40Z,325.69,1.25,132,58,195,1716.13,40.021456545218825,-105.29736463911831,8117210422
2022-01-14T15:51:41Z,327.1,1.25,132,58,196,1716.13,40.021449672058225,-105.29737855307758,8117210422
2022-01-14T15:51:42Z,328.58,1.25,132,58,197,1717.2,40.021446822211146,-105.29739548452199,8117210422
2022-01-14T15:51:43Z,330.06,1.26,132,58,198,1716.53,40.021440954878926,-105.29741115868092,8117210422
2022-01-14T15:51:44Z,331.56,1.269,133,58,199,1717.59,40.02143232151866,-105.29742482118309,8117210422
2022-01-14T15:51:45Z,332.52,1.278,133,54,200,1717.59,40.02142704091966,-105.29743387363851,8117210422
2022-01-14T15:51:46Z,333.47,1.278,132,54,201,1717.59,40.021423352882266,-105.29744401574135,8117210422
2022-01-14T15:51:47Z,334.66,1.269,132,54,202,1717.59,40.02142050303519,-105.29745751060545,8117210422
2022-01-14T15:51:48Z,335.66,1.222,132,54,203,1718.69,40.02141874283552,-105.2974689938128,8117210422
2022-01-14T15:51:49Z,336.42,1.222,132,54,204,1718.69,40.02141916193068,-105.2974779624492,8117210422
2022-01-14T15:51:50Z,337.42,1.194,132,54,205,1718.69,40.02141413278878,-105.29748785309494,8117210422
2022-01-14T15:51:51Z,338.85,1.148,131,54,206,1718.23,40.02140432596207,-105.29749874956906,8117210422
2022-01-14T15:51:52Z,340.36,1.148,131,58,207,1718.23,40.02139653079212,-105.29751333408058,8117210422
2022-01-14T15:51:53Z,341.82,1.148,131,58,208,1718.23,40.02139024436474,-105.29752833768725,8117210422
2022-01-14T15:51:54Z,343.43,1.157,131,58,209,1719.13,40.02138932235539,-105.29754736460745,8117210422
2022-01-14T15:51:55Z,344.73,1.166,131,58,210,1719.13,40.021390076726675,-105.29756303876638,8117210422
2022-01-14T15:51:56Z,345.9,1.194,131,58,211,1720.05,40.021390076726675,-105.29757686890662,8117210422
2022-01-14T15:51:57Z,347.42,1.204,131,58,212,1720.05,40.02139183692634,-105.29759455472231,8117210422
2022-01-14T15:51:58Z,348.84,1.213,132,58,213,1720.98,40.02139125019312,-105.29761123470962,8117210422
2022-01-14T15:51:59Z,350.25,1.232,132,58,214,1720.98,40.02138940617442,-105.29762850143015,8117210422
2022-01-14T15:52:00Z,351.52,1.25,132,58,215,1721.75,40.02139192074537,-105.2976436726749,8117210422
2022-01-14T15:52:01Z,352.53,1.26,132,58,216,1721.75,40.02138940617442,-105.2976553235203,8117210422
2022-01-14T15:52:02Z,353.59,1.26,131,58,217,1721.75,40.021388065069914,-105.29766798019409,8117210422
2022-01-14T15:52:03Z,355.08,1.26,131,58,218,1722.4,40.02139083109796,-105.29768566600978,8117210422
2022-01-14T15:52:04Z,356.35,1.25,131,58,219,1722.4,40.02139996737242,-105.29769664630294,8117210422
2022-01-14T15:52:05Z,357.13,1.25,131,0,220,1722.4,40.02140541560948,-105.29770259745419,8117210422
2022-01-14T15:52:06Z,358.09,1.25,131,0,221,1722.98,40.02140583470464,-105.29771382920444,8117210422
2022-01-14T15:52:07Z,359.02,1.325,131,0,222,1722.98,40.0214009732008,-105.29772397130728,8117210422
2022-01-14T15:52:08Z,359.73,1.325,131,0,223,1722.98,40.02139703370631,-105.29773159883916,8117210422
2022-01-14T15:52:09Z,360.69,1.306,130,0,224,1723.55,40.02139435149729,-105.29774291440845,8117210422
2022-01-14T15:52:10Z,360.95,1.25,130,0,225,1723.55,40.02139619551599,-105.29774551279843,8117210422
2022-01-14T15:52:11Z,361.42,1.213,131,0,226,1723.55,40.02139669843018,-105.29775104485452,8117210422
2022-01-14T15:52:12Z,361.96,1.138,131,0,227,1723.55,40.021398374810815,-105.29775699600577,8117210422
2022-01-14T15:52:13Z,362.48,1.082,131,0,228,1723.55,40.02139996737242,-105.297762863338,8117210422
2022-01-14T15:52:14Z,362.97,0.075,131,0,229,1723.55,40.021403823047876,-105.29776613228023,8117210422
2022-01-14T15:52:15Z,363.29,0.075,131,0,230,1723.55,40.021405164152384,-105.29776965267956,8117210422
2022-01-14T15:52:16Z,363.91,0.065,131,0,231,1723.55,40.021408684551716,-105.29777535237372,8117210422
2022-01-14T15:52:17Z,364.95,0.075,131,0,232,1724.11,40.021408181637526,-105.29778909869492,8117210422
2022-01-14T15:52:18Z,365.76,0.075,132,0,233,1725.72,40.02141295932233,-105.29779647476971,8117210422
2022-01-14T15:52:19Z,366.65,0.737,131,0,234,1725.72,40.02141430042684,-105.29780695214868,8117210422
2022-01-14T15:52:20Z,367.77,0.802,131,0,235,1726.29,40.02141564153135,-105.29781994409859,8117210422
2022-01-14T15:52:21Z,368.91,0.858,131,0,236,1726.29,40.02141782082617,-105.29783310368657,8117210422
2022-01-14T15:52:22Z,369.83,0.961,132,53,237,1726.29,40.02142075449228,-105.29784332960844,8117210422
2022-01-14T15:52:23Z,370.83,0.998,132,53,238,1726.9,40.0214231852442,-105.29785447753966,8117210422
2022-01-14T15:52:24Z,371.96,0.998,132,53,239,1726.9,40.02142117358744,-105.29786822386086,8117210422
2022-01-14T15:52:25Z,372.56,1.008,132,53,240,1726.9,40.021420419216156,-105.29787543229759,8117210422
2022-01-14T15:52:26Z,373.25,1.008,133,53,241,1727.48,40.02142192795873,-105.29788331128657,8117210422
2022-01-14T15:52:27Z,374.26,0.989,133,53,242,1727.48,40.02142695710063,-105.2978934533894,8117210422
2022-01-14T15:52:28Z,374.89,0.942,133,53,243,1727.48,40.02142880111933,-105.29790049418807,8117210422
2022-01-14T15:52:29Z,375.72,0.942,133,53,244,1727.48,40.021430142223835,-105.29791021719575,8117210422
2022-01-14T15:52:30Z,376.27,0.896,133,53,245,1727.48,40.02143424935639,-105.29791440814734,8117210422
2022-01-14T15:52:31Z,376.97,0.896,133,53,246,1727.98,40.02143969759345,-105.29791893437505,8117210422
2022-01-14T15:52:32Z,377.91,0.868,133,53,247,1729.86,40.021446319296956,-105.29792605899274,8117210422
2022-01-14T15:52:33Z,378.79,0.849,134,53,248,1729.86,40.0214525219053,-105.29793259687722,8117210422
2022-01-14T15:52:34Z,379.42,0.849,134,53,249,1729.86,40.02145562320948,-105.29793879948556,8117210422
2022-01-14T15:52:35Z,380.17,0.84,134,53,250,1729.86,40.021460903808475,-105.29794449917972,8117210422
2022-01-14T15:52:36Z,380.77,0.83,134,53,251,1729.86,40.021465765312314,-105.29794785194099,8117210422
2022-01-14T15:52:37Z,381.59,0.821,134,53,252,1730.49,40.02147146500647,-105.29795405454934,8117210422
2022-01-14T15:52:38Z,382.7,0.812,135,53,253,1730.49,40.02147917635739,-105.29796243645251,8117210422
2022-01-14T15:52:39Z,383.69,0.812,134,79,254,1732.74,40.021484876051545,-105.29797132126987,8117210422
2022-01-14T15:52:40Z,384.89,0.812,134,79,255,1732.74,40.021490240469575,-105.2979838103056,8117210422
2022-01-14T15:52:41Z,385.57,0.942,134,79,256,1732.92,40.021493677049875,-105.29799034819007,8117210422
2022-01-14T15:52:42Z,386.29,0.98,134,79,257,1732.92,40.021497113630176,-105.29799747280777,8117210422
2022-01-14T15:52:43Z,387.73,0.98,134,79,258,1732.92,40.021502394229174,-105.2980128955096,8117210422
2022-01-14T15:52:44Z,388.87,0.98,135,79,259,1732.91,40.0215043220669,-105.29802630655468,8117210422
2022-01-14T15:52:45Z,389.66,1.073,134,79,260,1732.91,40.021505914628506,-105.29803544282913,8117210422
2022-01-14T15:52:46Z,390.42,1.073,135,79,261,1732.91,40.021507842466235,-105.29804399237037,8117210422
2022-01-14T15:52:47Z,391.48,1.064,135,79,262,1735.09,40.02151496708393,-105.29805321246386,8117210422
2022-01-14T15:52:48Z,392.09,1.045,136,79,263,1734.93,40.02151790075004,-105.29805924743414,8117210422
2022-01-14T15:52:49Z,392.93,1.036,136,79,264,1734.93,40.0215217564255,-105.29806771315634,8117210422
2022-01-14T15:52:50Z,393.64,1.017,136,79,265,1734.93,40.02152770757675,-105.2980718202889,8117210422
2022-01-14T15:52:51Z,394.35,0.998,136,78,266,1734.93,40.02153458073735,-105.2980731613934,8117210422
2022-01-14T15:52:52Z,395.1,0.98,137,40,267,1734.93,40.02154178917408,-105.2980718202889,8117210422
2022-01-14T15:52:53Z,396.15,0.793,137,40,268,1737.03,40.021551260724664,-105.29807223938406,8117210422
2022-01-14T15:52:54Z,396.77,0.793,137,40,269,1737.03,40.021557128056884,-105.29807098209858,8117210422
2022-01-14T15:52:55Z,397.5,0.746,137,73,270,1737.03,40.02156383357942,-105.29806721024215,8117210422
2022-01-14T15:52:56Z,398.06,0.821,138,73,271,1737.03,40.02156903035939,-105.29806553386152,8117210422
2022-01-14T15:52:57Z,398.6,0.765,137,73,272,1737.03,40.02157389186323,-105.29806570149958,8117210422
2022-01-14T15:52:58Z,398.88,0.765,138,73,273,1737.03,40.02157590351999,-105.29806855134666,8117210422
2022-01-14T15:52:59Z,399.52,0.737,137,73,274,1737.03,40.02158026210964,-105.29807358048856,8117210422
2022-01-14T15:53:00Z,400.11,0.681,137,73,275,1739.2,40.021585458889604,-105.29807567596436,8117210422
2022-01-14T15:53:01Z,400.72,0.681,137,73,276,1739.2,40.021589482203126,-105.29808070510626,8117210422
2022-01-14T15:53:02Z,400.86,0.7,138,0,277,1739.2,40.021589146927,-105.29808363877237,8117210422
2022-01-14T15:53:03Z,401.51,0.7,138,0,278,1739.2,40.02159551717341,-105.29808472841978,8117210422
2022-01-14T15:53:04Z,401.89,0.075,138,0,279,1739.2,40.02159861847758,-105.29808682389557,8117210422
2022-01-14T15:53:05Z,402.64,0.047,138,43,280,1739.01,40.02160230651498,-105.29809470288455,8117210422
2022-01-14T15:53:06Z,403.3,0.075,138,43,281,1739.01,40.02160758711398,-105.29809847474098,8117210422
2022-01-14T15:53:07Z,404.02,0.597,139,43,282,1739.01,40.021613370627165,-105.29810266569257,8117210422
2022-01-14T15:53:08Z,404.7,0.672,139,43,283,1739.01,40.021618232131004,-105.29810744337738,8117210422
2022-01-14T15:53:09Z,405.41,0.728,139,43,284,1741.16,40.021622674539685,-105.29811364598572,8117210422
2022-01-14T15:53:10Z,405.73,0.728,139,43,285,1741.16,40.02162401564419,-105.29811750166118,8117210422
2022-01-14T15:53:11Z,406.55,0.728,139,43,286,1741.16,40.02163155935705,-105.29812010005116,8117210422
2022-01-14T15:53:12Z,407.62,0.672,139,43,287,1740.96,40.02163968980312,-105.29812697321177,8117210422
2022-01-14T15:53:13Z,408.5,0.681,139,43,288,1740.96,40.0216459762305,-105.29813342727721,8117210422
2022-01-14T15:53:14Z,409.15,0.746,139,58,289,1740.96,40.02165041863918,-105.29813837260008,8117210422
2022-01-14T15:53:15Z,410.01,0.774,140,58,290,1740.96,40.021650083363056,-105.29815027490258,8117210422
2022-01-14T15:53:16Z,410.98,0.784,140,58,291,1740.96,40.021652933210135,-105.29816091991961,8117210422
2022-01-14T15:53:17Z,411.99,0.877,141,58,292,1742.24,40.02165695652366,-105.29817164875567,8117210422
2022-01-14T15:53:18Z,412.98,0.914,141,58,293,1742.24,40.02165989018977,-105.29818271286786,8117210422
2022-01-14T15:53:19Z,413.52,0.942,142,58,294,1742.24,40.02166491933167,-105.29818614944816,8117210422
2022-01-14T15:53:20Z,414.33,0.942,142,58,295,1742.24,40.021673971787095,-105.29818539507687,8117210422
2022-01-14T15:53:21Z,415.01,0.886,142,58,296,1742.24,40.021680258214474,-105.29818665236235,8117210422
2022-01-14T15:53:22Z,415.85,0.877,142,58,297,1742.24,40.02168822102249,-105.29818522743881,8117210422
2022-01-14T15:53:23Z,416.6,0.849,142,58,298,1743.92,40.02169509418309,-105.29818539507687,8117210422
2022-01-14T15:53:24Z,417.65,0.84,142,0,299,1743.92,40.02170272171497,-105.29819268733263,8117210422
2022-01-14T15:53:25Z,418.49,0.84,142,0,300,1743.3,40.02170682884753,-105.29820148833096,8117210422
2022-01-14T15:53:26Z,419.51,0.84,142,0,301,1743.3,40.02171395346522,-105.29820903204381,8117210422
2022-01-14T15:53:27Z,420.88,0.84,142,0,302,1743.3,40.02172451466322,-105.29821758158505,8117210422
2022-01-14T15:53:28Z,421.79,0.84,142,0,303,1745.11,40.02173272892833,-105.2982203476131,8117210422
2022-01-14T15:53:29Z,422.69,0.877,141,0,304,1745.11,40.02174169756472,-105.29821976087987,8117210422
2022-01-14T15:53:30Z,423.2,0.877,142,0,305,1745.11,40.021746223792434,-105.29822135344148,8117210422
2022-01-14T15:53:31Z,424.21,0.877,141,0,306,1745.11,40.0217548571527,-105.29822470620275,8117210422
2022-01-14T15:53:32Z,425.02,0.868,142,0,307,1747.1,40.0217617303133,-105.29822805896401,8117210422
2022-01-14T15:53:33Z,425.67,0.868,142,0,308,1746.31,40.02176617272198,-105.29823325574398,8117210422
2022-01-14T15:53:34Z,426.19,0.858,142,0,309,1746.31,40.02177136950195,-105.29823308810592,8117210422
2022-01-14T15:53:35Z,426.52,0.849,142,65,310,1746.31,40.02177421934903,-105.29823434539139,8117210422
2022-01-14T15:53:36Z,427.45,0.84,141,65,311,1746.31,40.02178226597607,-105.29823761433363,8117210422
2022-01-14T15:53:37Z,428.27,0.812,142,0,312,1746.31,40.021789725869894,-105.29823870398104,8117210422
2022-01-14T15:53:38Z,428.71,0.812,142,0,313,1746.31,40.02179282717407,-105.2982425596565,8117210422
2022-01-14T15:53:39Z,429.35,0.812,141,0,314,1748.09,40.02179827541113,-105.2982356864959,8117210422
2022-01-14T15:53:40Z,429.72,0.793,142,0,315,1748.09,40.0218016281724,-105.29823652468622,8117210422
2022-01-14T15:53:41Z,430.63,0.793,142,0,316,1748.09,40.02180967479944,-105.29823392629623,8117210422
2022-01-14T15:53:42Z,431.52,0.774,142,0,317,1748.09,40.02181788906455,-105.29823870398104,8117210422
2022-01-14T15:53:43Z,432.32,0.774,142,0,318,1748.09,40.02182509750128,-105.2982409670949,8117210422
2022-01-14T15:53:44Z,432.8,0.774,142,0,319,1748.09,40.021829372271895,-105.29824306257069,8117210422
2022-01-14T15:53:45Z,433.73,0.774,143,0,320,1749.51,40.02183775417507,-105.29824222438037,8117210422
2022-01-14T15:53:46Z,434.74,0.765,142,0,321,1749.51,40.02184621989727,-105.29823803342879,8117210422
2022-01-14T15:53:47Z,435.27,0.765,142,0,322,1749.51,40.02185057848692,-105.2982354350388,8117210422
2022-01-14T15:53:48Z,435.56,0.765,142,49,323,1749.51,40.02185267396271,-105.29823308810592,8117210422
2022-01-14T15:53:49Z,436.14,0.765,142,49,324,1750.42,40.0218568649143,-105.2982288133353,8117210422
2022-01-14T15:53:50Z,437.52,0.737,141,49,325,1751.87,40.02186927013099,-105.29822613112628,8117210422
2022-01-14T15:53:51Z,438.59,0.737,141,49,326,1751.87,40.02187807112932,-105.29822068288922,8117210422
2022-01-14T15:53:52Z,439.11,0.793,141,49,327,1751.87,40.02188284881413,-105.29822068288922,8117210422
2022-01-14T15:53:53Z,440.04,0.793,140,58,328,1751.87,40.02189131453633,-105.29822076670825,8117210422
2022-01-14T15:53:54Z,440.58,0.821,140,58,329,1751.87,40.02189617604017,-105.2982219401747,8117210422
2022-01-14T15:53:55Z,441.45,0.793,140,58,330,1753.35,40.02190388739109,-105.29822017997503,8117210422
2022-01-14T15:53:56Z,442.4,0.793,140,58,331,1753.35,40.02191252075136,-105.29821892268956,8117210422
2022-01-14T15:53:57Z,442.93,0.793,140,58,332,1753.35,40.0219171307981,-105.29822059907019,8117210422
2022-01-14T15:53:58Z,443.46,0.793,139,58,333,1753.35,40.021921740844846,-105.29822235926986,8117210422
2022-01-14T15:53:59Z,444.12,0.793,140,58,334,1753.35,40.0219276919961,-105.29822361655533,8117210422
2022-01-14T15:54:00Z,445.02,0.765,140,58,335,1753.35,40.021935822442174,-105.29822386801243,8117210422
2022-01-14T15:54:01Z,445.97,0.756,140,0,336,1754.94,40.02194403670728,-105.29821942560375,8117210422
2022-01-14T15:54:02Z,446.48,0.756,139,0,337,1754.94,40.021948562934995,-105.29821934178472,8117210422
2022-01-14T15:54:03Z,447.05,0.756,139,0,338,1754.94,40.02195375971496,-105.29822001233697,8117210422
2022-01-14T15:54:04Z,447.5,0.756,140,0,339,1754.94,40.02195778302848,-105.29821976087987,8117210422
2022-01-14T15:54:05Z,448.21,0.737,139,0,340,1754.94,40.0219639018178,-105.29822227545083,8117210422
2022-01-14T15:54:06Z,449.61,0.718,140,0,341,1755.37,40.021973960101604,-105.2982325013727,8117210422
2022-01-14T15:54:07Z,450.91,0.718,140,0,342,1755.37,40.021985191851854,-105.2982375305146,8117210422
2022-01-14T15:54:08Z,451.83,0.746,140,0,343,1755.37,40.02199273556471,-105.29824180528522,8117210422
2022-01-14T15:54:09Z,452.76,0.774,139,0,344,1755.37,40.022001368924975,-105.29824339784682,8117210422
2022-01-14T15:54:10Z,453.73,0.784,139,0,345,1756.64,40.02201000228524,-105.29824566096067,8117210422
2022-01-14T15:54:11Z,454.84,0.793,138,0,346,1756.64,40.02202014438808,-105.2982444036752,8117210422
2022-01-14T15:54:12Z,455.97,0.812,138,0,347,1756.64,40.02203028649092,-105.29824356548488,8117210422
2022-01-14T15:54:13Z,456.42,0.821,139,0,348,1756.64,40.02203422598541,-105.29824582859874,8117210422
2022-01-14T15:54:14Z,457.45,0.821,139,0,349,1757.71,40.02204302698374,-105.29825077392161,8117210422
2022-01-14T15:54:15Z,458.21,0.821,139,0,350,1757.71,40.02204998396337,-105.29824993573129,8117210422
2022-01-14T15:54:16Z,459.21,0.821,139,0,351,1757.71,40.02205861732364,-105.29824700206518,8117210422
2022-01-14T15:54:17Z,460.19,0.821,139,0,352,1757.71,40.02206666395068,-105.29824197292328,8117210422
2022-01-14T15:54:18Z,460.77,0.821,140,0,353,1757.71,40.02207202836871,-105.2982423081994,8117210422
2022-01-14T15:54:19Z,461.69,0.821,140,0,354,1758.76,40.02208041027188,-105.2982428111136,8117210422
2022-01-14T15:54:20Z,462.45,0.812,141,0,355,1758.76,40.02208703197539,-105.29823987744749,8117210422
2022-01-14T15:54:21Z,462.94,0.812,140,0,356,1758.76,40.02209139056504,-105.2982388716191,8117210422
2022-01-14T15:54:22Z,463.59,0.812,141,0,357,1758.76,40.02209700644016,-105.29823685996234,8117210422
2022-01-14T15:54:23Z,464.01,0.802,141,0,358,1758.76,40.02210069447756,-105.29823560267687,8117210422
2022-01-14T15:54:24Z,464.32,0.793,141,0,359,1758.76,40.02210354432464,-105.29823535121977,8117210422
2022-01-14T15:54:25Z,465.35,0.784,141,0,360,1760.08,40.02211041748524,-105.29822579585016,8117210422
2022-01-14T15:54:26Z,465.75,0.765,141,0,361,1761.36,40.02211309969425,-105.29822244308889,8117210422
2022-01-14T15:54:27Z,466.98,0.765,141,0,362,1761.36,40.02212332561612,-105.29821707867086,8117210422
2022-01-14T15:54:28Z,467.41,0.765,141,0,363,1761.36,40.02212651073933,-105.29821372590959,8117210422
2022-01-14T15:54:29Z,468.23,0.756,141,0,364,1761.36,40.022134222090244,-105.29821573756635,8117210422
2022-01-14T15:54:30Z,468.92,0.756,140,0,365,1761.36,40.02214025706053,-105.29821372590959,8117210422
2022-01-14T15:54:31Z,470.23,0.756,140,0,366,1762.62,40.022147884592414,-105.29820073395967,8117210422
2022-01-14T15:54:32Z,470.96,0.756,140,0,367,1765.14,40.02215224318206,-105.2981939446181,8117210422
2022-01-14T15:54:33Z,471.62,0.756,140,0,368,1765.14,40.02215811051428,-105.29819201678038,8117210422
2022-01-14T15:54:34Z,472.63,0.756,140,0,369,1765.14,40.02216758206487,-105.29819184914231,8117210422
2022-01-14T15:54:35Z,472.84,0.765,139,44,370,1765.14,40.02216967754066,-105.2981960400939,8117210422
2022-01-14T15:54:36Z,473.44,0.756,139,44,371,1762.62,40.02217495813966,-105.29819888994098,8117210422
2022-01-14T15:54:37Z,474.54,0.746,139,44,372,1763.74,40.02218468114734,-105.29820123687387,8117210422
2022-01-14T15:54:38Z,475.56,0.746,139,44,373,1763.74,40.02219398505986,-105.29820157214999,8117210422
2022-01-14T15:54:39Z,475.88,0.784,138,44,374,1763.74,40.022197002545,-105.29819830320776,8117210422
2022-01-14T15:54:40Z,476.21,0.793,138,44,375,1763.74,40.02219985239208,-105.29820165596902,8117210422
2022-01-14T15:54:41Z,476.61,0.793,138,44,376,1763.74,40.02220295369625,-105.29819838702679,8117210422
2022-01-14T15:54:42Z,477.54,0.765,138,44,377,1763.74,40.022211419418454,-105.29819754883647,8117210422
2022-01-14T15:54:43Z,478.22,0.756,137,44,378,1764.59,40.022217873483896,-105.29819872230291,8117210422
2022-01-14T15:54:44Z,479.02,0.756,137,44,379,1764.59,40.02222524955869,-105.29819847084582,8117210422
2022-01-14T15:54:45Z,479.71,0.756,137,44,380,1764.59,40.022231535986066,-105.2981978841126,8117210422
2022-01-14T15:54:46Z,480.8,0.756,136,44,381,1767.41,40.02224117517471,-105.29819570481777,8117210422
2022-01-14T15:54:47Z,481.28,0.756,136,44,382,1767.41,40.0222453661263,-105.2981941960752,8117210422
2022-01-14T15:54:48Z,481.66,0.765,136,44,383,1767.41,40.0222488027066,-105.2981941960752,8117210422
2022-01-14T15:54:49Z,482.44,0.765,136,44,384,1768.19,40.02225575968623,-105.29819277115166,8117210422
2022-01-14T15:54:50Z,483.2,0.756,136,44,385,1768.19,40.022262213751674,-105.29818908311427,8117210422
2022-01-14T15:54:51Z,483.62,0.756,136,45,386,1768.19,40.0222659856081,-105.2981889154762,8117210422
2022-01-14T15:54:52Z,483.99,0.756,136,45,387,1768.19,40.02226933836937,-105.29818899929523,8117210422
2022-01-14T15:54:53Z,484.74,0.756,136,45,388,1768.19,40.02227604389191,-105.29818816110492,8117210422
2022-01-14T15:54:54Z,485.61,0.746,137,45,389,1768.19,40.022283839061856,-105.29818874783814,8117210422
2022-01-14T15:54:55Z,486.15,0.746,137,47,390,1769.2,40.02228836528957,-105.2981923520565,8117210422
2022-01-14T15:54:56Z,487.04,0.756,137,47,391,1766.95,40.022294484078884,-105.29820031486452,8117210422
2022-01-14T15:54:57Z,487.96,0.756,137,47,392,1766.95,40.022297417744994,-105.29821448028088,8117210422
2022-01-14T15:54:58Z,489.07,0.765,137,47,393,1766.95,40.02230152487755,-105.29822831042111,8117210422
2022-01-14T15:54:59Z,490.15,0.784,137,47,394,1765.36,40.02230504527688,-105.29824130237103,8117210422
2022-01-14T15:55:00Z,490.9,0.793,137,47,395,1765.36,40.0223093200475,-105.2982480917126,8117210422
2022-01-14T15:55:01Z,491.61,0.812,137,47,396,1765.36,40.02231493592262,-105.29825253412127,8117210422
2022-01-14T15:55:02Z,492.75,0.812,136,47,397,1767.01,40.02232608385384,-105.29825421050191,8117210422
2022-01-14T15:55:03Z,493.6,0.812,135,47,398,1767.01,40.02233421429992,-105.29825538396835,8117210422
2022-01-14T15:55:04Z,494.71,0.821,135,47,399,1767.01,40.022342428565025,-105.29826276004314,8117210422
2022-01-14T15:55:05Z,495.75,0.821,135,47,400,1766.01,40.02235047519207,-105.29826921410859,8117210422
2022-01-14T15:55:06Z,497.53,0.83,135,47,401,1767.62,40.02236547879875,-105.29827776364982,8117210422
2022-01-14T15:55:07Z,498.63,0.84,135,0,402,1767.62,40.022375117987394,-105.29828187078238,8117210422
2022-01-14T15:55:08Z,499.65,0.849,134,0,403,1767.62,40.022383499890566,-105.29828698374331,8117210422
2022-01-14T15:55:09Z,500.66,0.868,134,0,404,1769.08,40.022392719984055,-105.29828924685717,8117210422
2022-01-14T15:55:10Z,502.01,0.877,133,0,405,1769.08,40.0224042031914,-105.29829477891326,8117210422
2022-01-14T15:55:11Z,502.99,0.905,133,47,406,1769.08,40.022412333637476,-105.29829922132194,8117210422
2022-01-14T15:55:12Z,503.67,0.952,132,47,407,1769.08,40.02241836860776,-105.29830140061677,8117210422
2022-01-14T15:55:13Z,504.4,0.952,131,47,408,1768.17,40.02242473885417,-105.29830324463546,8117210422
2022-01-14T15:55:14Z,505.25,0.942,131,47,409,1769.64,40.02243245020509,-105.29830383136868,8117210422
2022-01-14T15:55:15Z,506.08,0.905,130,47,410,1769.64,40.02243991009891,-105.29830483719707,8117210422
2022-01-14T15:55:16Z,506.9,0.896,130,47,411,1769.64,40.02244678325951,-105.29830852523446,8117210422
2022-01-14T15:55:17Z,507.89,0.886,129,47,412,1769.64,40.02245508134365,-105.29831271618605,8117210422
2022-01-14T15:55:18Z,509,0.886,128,47,413,1771.18,40.0224628765136,-105.29832076281309,8117210422
2022-01-14T15:55:19Z,509.71,0.886,127,47,414,1771.18,40.022468492388725,-105.29832495376468,8117210422
2022-01-14T15:55:20Z,510.46,0.896,126,47,415,1771.18,40.02247452735901,-105.2983287256211,8117210422
2022-01-14T15:55:21Z,511.33,0.896,126,47,416,1771.18,40.02248081378639,-105.29833509586751,8117210422
2022-01-14T15:55:22Z,512.7,0.886,126,47,417,1770.24,40.02249171026051,-105.29834263958037,8117210422
2022-01-14T15:55:23Z,513.85,0.886,125,47,418,1771.78,40.02249992452562,-105.29835085384548,8117210422
2022-01-14T15:55:24Z,514.72,0.914,125,47,419,1771.78,40.02250721678138,-105.29835504479706,8117210422
2022-01-14T15:55:25Z,515.24,0.924,125,47,420,1771.78,40.02251015044749,-105.29835999011993,8117210422
2022-01-14T15:55:26Z,516.34,0.924,124,47,421,1771.78,40.02251869998872,-105.29836686328053,8117210422
2022-01-14T15:55:27Z,517.29,0.914,124,47,422,1771.78,40.02252691425383,-105.29837122187018,8117210422
2022-01-14T15:55:28Z,518.61,0.914,124,47,423,1772.23,40.02253856509924,-105.2983757480979,8117210422
2022-01-14T15:55:29Z,519.83,0.914,121,47,424,1772.23,40.02254921011627,-105.29837985523045,8117210422
2022-01-14T15:55:30Z,521.68,0.933,121,54,425,1772.23,40.022566141560674,-105.29838304035366,8117210422
2022-01-14T15:55:31Z,522.97,0.933,122,54,426,1773.81,40.02257628366351,-105.29839050024748,8117210422
2022-01-14T15:55:32Z,524.1,1.008,122,54,427,1773.81,40.022585503757,-105.29839603230357,8117210422
2022-01-14T15:55:33Z,525.19,1.064,122,54,428,1773.81,40.02259296365082,-105.29840474948287,8117210422
2022-01-14T15:55:34Z,525.8,1.101,122,54,429,1772.94,40.022597908973694,-105.29840785078704,8117210422
2022-01-14T15:55:35Z,526.87,1.101,123,54,430,1774.63,40.022607212886214,-105.2984117064625,8117210422
2022-01-14T15:55:36Z,527.76,1.017,124,54,431,1774.63,40.02261525951326,-105.29841438867152,8117210422
2022-01-14T15:55:37Z,528.5,1.017,125,54,432,1774.63,40.02262204885483,-105.29841572977602,8117210422
2022-01-14T15:55:38Z,528.81,1.008,126,54,433,1774.63,40.022624311968684,-105.29841782525182,8117210422
2022-01-14T15:55:39Z,529.87,0.97,127,54,434,1774.63,40.02263353206217,-105.29842126183212,8117210422
2022-01-14T15:55:40Z,530.35,0.924,128,54,435,1774.63,40.02263747155666,-105.29842352494597,8117210422
2022-01-14T15:55:41Z,530.95,0.914,128,54,436,1776.4,40.0226425845176,-105.2984257042408,8117210422
2022-01-14T15:55:42Z,531.33,0.896,128,0,437,1776.4,40.0226460210979,-105.29842637479305,8117210422
2022-01-14T15:55:43Z,532.29,0.868,128,0,438,1776.4,40.02265457063913,-105.29842779971659,8117210422
2022-01-14T15:55:44Z,533.14,0.84,128,0,439,1776.4,40.022661946713924,-105.29843056574464,8117210422
2022-01-14T15:55:45Z,534.41,0.83,128,0,440,1776.4,40.02267301082611,-105.29843425378203,8117210422
2022-01-14T15:55:46Z,535.48,0.83,129,0,441,1778.21,40.022682482376695,-105.29843718744814,8117210422
2022-01-14T15:55:47Z,535.81,0.84,129,0,442,1778.21,40.02268533222377,-105.29843836091459,8117210422
2022-01-14T15:55:48Z,536.49,0.84,129,0,443,1778.21,40.02269145101309,-105.2984378580004,8117210422
2022-01-14T15:55:49Z,537.33,0.83,129,0,444,1778.21,40.02269899472594,-105.29843827709556,8117210422
2022-01-14T15:55:50Z,537.5,0.821,129,0,445,1778.21,40.022700587287545,-105.29843886382878,8117210422
2022-01-14T15:55:51Z,538.19,0.812,129,0,446,1778.21,40.02270662225783,-105.29844204895198,8117210422
2022-01-14T15:55:52Z,539.16,0.784,129,0,447,1779.12,40.02271458506584,-105.29844766482711,8117210422
2022-01-14T15:55:53Z,540.04,0.774,129,0,448,1779.12,40.02272129058838,-105.2984534483403,8117210422
2022-01-14T15:55:54Z,540.96,0.765,129,0,449,1779.12,40.02272807992995,-105.29845981858671,8117210422
2022-01-14T15:55:55Z,542.19,0.765,130,0,450,1779.12,40.02273947931826,-105.29846040531993,8117210422
2022-01-14T15:55:56Z,543.17,0.765,129,0,451,1780.9,40.02274819649756,-105.29846241697669,8117210422
2022-01-14T15:55:57Z,543.72,0.784,130,0,452,1780.9,40.022752890363336,-105.29846426099539,8117210422
2022-01-14T15:55:58Z,544.43,0.784,130,0,453,1780.9,40.02275800332427,-105.29847029596567,8117210422
2022-01-14T15:55:59Z,545.18,0.784,130,56,454,1780.9,40.02276470884681,-105.29847188852727,8117210422
2022-01-14T15:56:00Z,545.39,0.784,130,56,455,1780.9,40.02276613377035,-105.298473816365,8117210422
2022-01-14T15:56:01Z,546.13,0.784,130,56,456,1780.9,40.022772923111916,-105.29847457073629,8117210422
2022-01-14T15:56:02Z,546.9,0.765,131,56,457,1782.6,40.02278013154864,-105.29847473837435,8117210422
2022-01-14T15:56:03Z,547.89,0.765,131,56,458,1782.6,40.02278876490891,-105.29847758822143,8117210422
2022-01-14T15:56:04Z,548.95,0.765,131,56,459,1782.1,40.02279840409756,-105.29847901314497,8117210422
2022-01-14T15:56:05Z,549.74,0.774,131,56,460,1782.1,40.02280502580106,-105.29848244972527,8117210422
2022-01-14T15:56:06Z,550.38,0.784,131,56,461,1782.1,40.022809552028775,-105.2984878141433,8117210422
2022-01-14T15:56:07Z,551.06,0.793,130,56,462,1783.68,40.02281508408487,-105.2984912507236,8117210422
2022-01-14T15:56:08Z,552.21,0.793,131,56,463,1783.68,40.02282539382577,-105.29849418438971,8117210422
2022-01-14T15:56:09Z,552.69,0.802,132,56,464,1783.68,40.0228291656822,-105.29849736951292,8117210422
2022-01-14T15:56:10Z,553.59,0.812,132,56,465,1783.68,40.02283679321408,-105.29850072227418,8117210422
2022-01-14T15:56:11Z,554.31,0.812,132,56,466,1783.68,40.02284039743245,-105.29851128347218,8117210422
2022-01-14T15:56:12Z,555.2,0.821,133,56,467,1783.23,40.022846180945635,-105.29852041974664,8117210422
2022-01-14T15:56:13Z,556.05,0.821,134,0,468,1784.9,40.02285380847752,-105.298518743366,8117210422
2022-01-14T15:56:14Z,556.97,0.83,134,0,469,1784.9,40.02286210656166,-105.29851857572794,8117210422
2022-01-14T15:56:15Z,557.54,0.83,134,0,470,1784.9,40.022866716608405,-105.29852226376534,8117210422
2022-01-14T15:56:16Z,558.79,0.83,135,0,471,1784.9,40.02287677489221,-105.2985290531069,8117210422
2022-01-14T15:56:17Z,560.55,0.83,135,0,472,1786.6,40.022892113775015,-105.29853450134397,8117210422
2022-01-14T15:56:18Z,561.69,0.84,135,0,473,1786.6,40.022899992763996,-105.2985433023423,8117210422
2022-01-14T15:56:19Z,563.01,0.849,135,0,474,1786.25,40.02290929667652,-105.29855327680707,8117210422
2022-01-14T15:56:20Z,564.32,0.858,136,0,475,1786.25,40.022917008027434,-105.29856509529054,8117210422
2022-01-14T15:56:21Z,565.76,0.868,136,47,476,1788.03,40.022923881188035,-105.29857959598303,8117210422
2022-01-14T15:56:22Z,566.96,0.877,135,47,477,1787.34,40.02293041907251,-105.29859082773328,8117210422
2022-01-14T15:56:23Z,567.97,0.905,135,0,478,1787.34,40.02293477766216,-105.29860155656934,8117210422
2022-01-14T15:56:24Z,568.8,0.933,135,0,479,1787.34,40.02293787896633,-105.29861052520573,8117210422
2022-01-14T15:56:25Z,569.31,0.942,135,0,480,1787.34,40.02294072881341,-105.29861513525248,8117210422
2022-01-14T15:56:26Z,569.66,0.942,134,0,481,1786.5,40.02294215373695,-105.29861899092793,8117210422
2022-01-14T15:56:27Z,569.85,0.868,134,0,482,1786.5,40.022942991927266,-105.2986210025847,8117210422
2022-01-14T15:56:28Z,570.07,0.774,134,0,483,1786.5,40.02294265665114,-105.2986239362508,8117210422
2022-01-14T15:57:10Z,570.65,0,86,58,525,1787.93,40.022954223677516,-105.29864631593227,8117210422
2022-01-14T15:57:11Z,571.02,0.616,88,58,526,1787.93,40.02295749261975,-105.29864254407585,8117210422
2022-01-14T15:57:12Z,572.42,0.616,90,58,527,1787.93,40.02296989783645,-105.29863826930523,8117210422
2022-01-14T15:57:13Z,573.73,0.616,93,58,528,1787.93,40.02298146486282,-105.29864153824747,8117210422
2022-01-14T15:57:14Z,574.67,1.138,94,58,529,1789.21,40.02298951148987,-105.2986450586468,8117210422
2022-01-14T15:57:15Z,575.19,1.138,96,58,530,1789.21,40.022993786260486,-105.29864782467484,8117210422
2022-01-14T15:57:16Z,576.69,1.12,98,58,531,1789.21,40.02300753258169,-105.29864824377,8117210422
2022-01-14T15:57:17Z,577.91,1.12,98,58,532,1789.21,40.02301859669387,-105.29864774085581,8117210422
2022-01-14T15:57:18Z,579.16,1.157,98,58,533,1790.36,40.02302999608219,-105.29864715412259,8117210422
2022-01-14T15:57:19Z,579.94,1.166,98,58,534,1790.36,40.02303686924279,-105.29864916577935,8117210422
2022-01-14T15:57:20Z,580.8,1.166,98,58,535,1788.93,40.02304382622242,-105.29865486547351,8117210422
2022-01-14T15:57:21Z,582.06,1.157,99,58,536,1788.93,40.02305053174496,-105.29866877943277,8117210422
2022-01-14T15:57:22Z,583,1.157,100,52,537,1788.93,40.02305757254362,-105.29867473058403,8117210422
2022-01-14T15:57:23Z,583.85,1.138,100,52,538,1789.96,40.02306427806616,-105.29867950826883,8117210422
2022-01-14T15:57:24Z,585.12,1.11,101,52,539,1789.96,40.023075425997376,-105.29868369922042,8117210422
2022-01-14T15:57:25Z,586.51,1.092,102,57,540,1789.96,40.02308741211891,-105.29868830926716,8117210422
2022-01-14T15:57:26Z,588.19,1.092,102,57,541,1789.51,40.02310233190656,-105.29869241639972,8117210422
2022-01-14T15:57:27Z,589.4,1.148,102,57,542,1789.51,40.02311272546649,-105.29869669117033,8117210422
2022-01-14T15:57:28Z,590.75,1.25,101,57,543,1789.51,40.0231241248548,-105.2987021394074,8117210422
2022-01-14T15:57:29Z,591.95,1.25,101,57,544,1790.63,40.02313376404345,-105.2987087611109,8117210422
2022-01-14T15:57:30Z,593.09,1.26,102,57,545,1790.63,40.0231434032321,-105.29871345497668,8117210422
2022-01-14T15:57:31Z,594.02,1.26,102,57,546,1790.63,40.02315170131624,-105.29871521517634,8117210422
2022-01-14T15:57:32Z,595.1,1.25,102,57,547,1790.63,40.02316108904779,-105.29871865175664,8117210422
2022-01-14T15:57:33Z,595.95,1.222,102,57,548,1791.7,40.023168632760644,-105.29872024431825,8117210422
2022-01-14T15:57:34Z,596.87,1.213,103,57,549,1791.7,40.02317684702575,-105.29872158542275,8117210422
2022-01-14T15:57:35Z,597.71,1.185,102,57,550,1791.7,40.023184306919575,-105.29872334562242,8117210422
2022-01-14T15:57:36Z,598.91,1.166,102,57,551,1791.7,40.023195035755634,-105.29871982522309,8117210422
2022-01-14T15:57:37Z,599.78,1.11,102,57,552,1792.53,40.023202830925584,-105.2987225074321,8117210422
2022-01-14T15:57:38Z,601.43,1.101,104,46,553,1790.98,40.02321724779904,-105.29872736893594,8117210422
2022-01-14T15:57:39Z,603.05,1.101,104,46,554,1790.98,40.023231161758304,-105.29873323626816,8117210422
2022-01-14T15:57:40Z,604.58,1.12,105,46,555,1791.69,40.02324499189854,-105.2987349126488,8117210422
2022-01-14T15:57:41Z,606.18,1.176,105,46,556,1791.69,40.02325940877199,-105.29873608611524,8117210422
2022-01-14T15:57:42Z,608.43,1.213,106,46,557,1792.21,40.0232795253396,-105.29873952269554,8117210422
2022-01-14T15:57:43Z,610.71,1.241,106,46,558,1792.21,40.02329997718334,-105.2987417858094,8117210422
2022-01-14T15:57:44Z,613.61,1.344,108,46,559,1792.61,40.023326044902205,-105.29874505475163,8117210422
2022-01-14T15:57:45Z,616.38,1.381,109,46,560,1792.89,40.02335102297366,-105.29874748550355,8117210422
2022-01-14T15:57:46Z,618.98,1.474,111,46,561,1792.89,40.023374408483505,-105.29874673113227,8117210422
2022-01-14T15:57:47Z,621.49,1.54,112,91,562,1793.06,40.02339695580304,-105.29874673113227,8117210422
2022-01-14T15:57:48Z,624.27,1.605,113,91,563,1793.09,40.02342201769352,-105.2987417858094,8117210422
2022-01-14T15:57:49Z,626.82,2.547,114,91,564,1793.09,40.02344464883208,-105.2987365052104,8117210422
2022-01-14T15:57:50Z,629.44,2.79,115,90,565,1793.05,40.02346836961806,-105.29873533174396,8117210422
2022-01-14T15:57:51Z,632.36,2.855,116,90,566,1792.91,40.023494604974985,-105.29873390682042,8117210422
2022-01-14T15:57:52Z,635.02,2.883,117,90,567,1792.74,40.023518493399024,-105.29873063787818,8117210422
2022-01-14T15:57:53Z,638.03,2.855,117,90,568,1792.74,40.02354556694627,-105.2987296320498,8117210422
2022-01-14T15:57:54Z,640.9,2.883,119,90,569,1792.52,40.02357163466513,-105.29872871004045,8117210422
2022-01-14T15:57:55Z,643.74,2.883,119,90,570,1792.31,40.02359711565077,-105.2987330686301,8117210422
2022-01-14T15:57:56Z,646.54,2.911,120,89,571,1792.15,40.023622093722224,-105.298738097772,8117210422
2022-01-14T15:57:57Z,649.36,2.911,121,89,572,1792.15,40.023647490888834,-105.29873960651457,8117210422
2022-01-14T15:57:58Z,652.27,2.921,121,91,573,1792.15,40.02367364242673,-105.29874052852392,8117210422
2022-01-14T15:57:59Z,655.16,2.921,122,91,574,1792.23,40.023699374869466,-105.29873524792492,8117210422
2022-01-14T15:58:00Z,657.73,2.93,122,91,575,1792.23,40.023721838369966,-105.2987277880311,8117210422
2022-01-14T15:58:01Z,660.41,2.93,123,92,576,1793.34,40.02374555915594,-105.29872150160372,8117210422
2022-01-14T15:58:02Z,663.08,2.893,124,92,577,1793.26,40.02376927994192,-105.29871471226215,8117210422
2022-01-14T15:58:03Z,665.55,2.874,124,92,578,1793.26,40.02379157580435,-105.29871320351958,8117210422
2022-01-14T15:58:04Z,667.81,2.855,125,89,579,1793.2,40.02381236292422,-105.298714293167,8117210422
2022-01-14T15:58:05Z,669.98,2.818,125,86,580,1793.2,40.023831725120544,-105.29871990904212,8117210422
2022-01-14T15:58:06Z,671.41,2.771,126,85,581,1793.12,40.023843459784985,-105.29872686602175,8117210422
2022-01-14T15:58:07Z,672.66,2.697,126,85,582,1793.12,40.023854188621044,-105.29873373918235,8117210422
2022-01-14T15:58:08Z,674.1,2.585,126,85,583,1793.12,40.023864498361945,-105.29874413274229,8117210422
2022-01-14T15:58:09Z,675.22,2.445,127,85,584,1794.1,40.02387313172221,-105.29875419102609,8117210422
2022-01-14T15:58:10Z,676.7,2.034,127,85,585,1793.71,40.023879166692495,-105.29877061955631,8117210422
2022-01-14T15:58:11Z,678.95,2.034,127,83,586,1793.14,40.02388754859567,-105.29879450798035,8117210422
2022-01-14T15:58:12Z,680.86,2.034,127,83,587,1793.14,40.02389693632722,-105.29881345108151,8117210422
2022-01-14T15:58:13Z,682.84,2.053,127,83,588,1794.63,40.02391034737229,-105.29882878996432,8117210422
2022-01-14T15:58:14Z,684.52,2.053,128,83,589,1793.97,40.02392233349383,-105.29884094372392,8117210422
2022-01-14T15:58:15Z,686.31,1.978,128,83,590,1793.97,40.0239357445389,-105.2988525107503,8117210422
2022-01-14T15:58:16Z,688.17,1.708,128,83,591,1795.53,40.02395074814558,-105.298862317577,8117210422
2022-01-14T15:58:17Z,689.83,1.68,128,83,592,1794.77,40.02396382391453,-105.29887204058468,8117210422
2022-01-14T15:58:18Z,691.66,1.67,128,83,593,1796.41,40.02397648058832,-105.29888620600104,8117210422
2022-01-14T15:58:19Z,693.17,1.652,128,58,594,1796.41,40.02398704178631,-105.29889727011323,8117210422
2022-01-14T15:58:20Z,694.36,1.568,129,55,595,1795.64,40.02399601042271,-105.29890514910221,8117210422
2022-01-14T15:58:21Z,695.31,1.465,129,55,596,1795.64,40.024002213031054,-105.29891286045313,8117210422
2022-01-14T15:58:22Z,695.92,1.353,129,55,597,1795.64,40.024005733430386,-105.29891847632825,8117210422
2022-01-14T15:58:23Z,696.47,1.204,129,55,598,1797.43,40.02401042729616,-105.29892057180405,8117210422
2022-01-14T15:58:24Z,697.31,1.008,129,54,599,1797.43,40.024017887189984,-105.29892216436565,8117210422
2022-01-14T15:58:25Z,698.38,0.868,130,54,600,1797.43,40.02402509562671,-105.29893079772592,8117210422
2022-01-14T15:58:26Z,699.33,0.858,130,54,601,1796.65,40.02403222024441,-105.29893725179136,8117210422
2022-01-14T15:58:27Z,700.44,0.877,131,54,602,1796.65,40.02404018305242,-105.29894504696131,8117210422
2022-01-14T15:58:28Z,702.12,0.896,131,54,603,1798.47,40.02405242063105,-105.29895661398768,8117210422
2022-01-14T15:58:29Z,703.4,0.933,131,62,604,1798.47,40.02406256273389,-105.29896399006248,8117210422
2022-01-14T15:58:30Z,704.63,0.952,131,62,605,1797.6,40.0240705255419,-105.29897404834628,8117210422
2022-01-14T15:58:31Z,705.83,0.998,132,62,606,1799.28,40.02407873980701,-105.29898318462074,8117210422
2022-01-14T15:58:32Z,707.42,1.045,132,62,607,1799.28,40.02409013919532,-105.29899475164711,8117210422
2022-01-14T15:58:33Z,708.62,1.082,133,59,608,1798.1,40.02409692853689,-105.29900573194027,8117210422
2022-01-14T15:58:34Z,709.83,1.138,133,59,609,1798.1,40.024106819182634,-105.2990126889199,8117210422
2022-01-14T15:58:35Z,711.33,1.148,133,59,610,1799.5,40.024119056761265,-105.29902081936598,8117210422
2022-01-14T15:58:36Z,712.99,1.157,134,57,611,1799.5,40.024133222177625,-105.29902844689786,8117210422
2022-01-14T15:58:37Z,714.9,1.185,134,57,612,1800.7,40.02415015362203,-105.29903473332524,8117210422
2022-01-14T15:58:38Z,716.5,1.232,134,56,613,1800.7,40.02416465431452,-105.29903791844845,8117210422
2022-01-14T15:58:39Z,717.99,1.278,134,55,614,1799.34,40.02417798154056,-105.2990406844765,8117210422
2022-01-14T15:58:40Z,719.24,1.306,134,55,615,1800.45,40.02418921329081,-105.29904135502875,8117210422
2022-01-14T15:58:41Z,720.24,1.316,135,55,616,1800.45,40.024198181927204,-105.29904261231422,8117210422
2022-01-14T15:58:42Z,720.83,1.306,134,55,617,1800.45,40.02420337870717,-105.29904470779002,8117210422
2022-01-14T15:58:43Z,721.96,1.269,134,55,618,1800.45,40.024212347343564,-105.29905116185546,8117210422
2022-01-14T15:58:44Z,723.21,1.204,135,55,619,1801.57,40.024222154170275,-105.29905845411122,8117210422
2022-01-14T15:58:45Z,724.49,1.166,135,55,620,1801.57,40.024233385920525,-105.29906247742474,8117210422
2022-01-14T15:58:46Z,725.86,1.157,135,55,621,1801.57,40.02424478530884,-105.29906868003309,8117210422
2022-01-14T15:58:47Z,727.29,1.157,135,55,622,1802.88,40.02425769343972,-105.29907119460404,8117210422
2022-01-14T15:58:48Z,729.13,1.157,135,55,623,1801.39,40.02427412196994,-105.29907488264143,8117210422
2022-01-14T15:58:49Z,730.92,1.166,135,58,624,1802.55,40.02428895793855,-105.2990835160017,8117210422
2022-01-14T15:58:50Z,732.4,1.185,135,58,625,1802.55,40.02429960295558,-105.29909416101873,8117210422
2022-01-14T15:58:51Z,734.24,1.204,135,58,626,1802.55,40.024315444752574,-105.29910128563643,8117210422
2022-01-14T15:58:52Z,735.93,1.222,135,58,627,1803.43,40.02433053217828,-105.29910488985479,8117210422
2022-01-14T15:58:53Z,737.39,1.288,134,58,628,1803.43,40.024343775585294,-105.29910564422607,8117210422
2022-01-14T15:58:54Z,738.89,1.288,134,58,629,1803.43,40.02435718663037,-105.29910882934928,8117210422
2022-01-14T15:58:55Z,740.18,1.297,133,58,630,1802.83,40.02436866983771,-105.29911025427282,8117210422
2022-01-14T15:58:56Z,741.46,1.316,133,58,631,1804.38,40.02438032068312,-105.2991096675396,8117210422
2022-01-14T15:58:57Z,742.56,1.316,133,58,632,1804.38,40.024390295147896,-105.29910799115896,8117210422
2022-01-14T15:58:58Z,743.68,1.316,133,58,633,1803.89,40.02440018579364,-105.29911201447248,8117210422
2022-01-14T15:58:59Z,745.23,1.316,133,58,634,1803.89,40.02441342920065,-105.29911830089986,8117210422
2022-01-14T15:59:00Z,746.57,1.316,133,58,635,1803.89,40.02442558296025,-105.2991197258234,8117210422
2022-01-14T15:59:01Z,748.28,1.316,133,58,636,1805.03,40.024441005662084,-105.29912140220404,8117210422
2022-01-14T15:59:02Z,749.86,1.316,133,58,637,1805.03,40.02445550635457,-105.299121318385,8117210422
2022-01-14T15:59:03Z,751.47,1.325,133,58,638,1806.2,40.02447000704706,-105.29912291094661,8117210422
2022-01-14T15:59:04Z,753.23,1.334,133,58,639,1806.2,40.024485513567924,-105.299126598984,8117210422
2022-01-14T15:59:05Z,754.99,1.334,133,58,640,1807.16,40.024501690641046,-105.29912626370788,8117210422
2022-01-14T15:59:06Z,756.93,1.353,133,58,641,1807.16,40.02451837062836,-105.29913296923041,8117210422
2022-01-14T15:59:07Z,758.48,1.362,133,58,642,1807.16,40.02453211694956,-105.29913581907749,8117210422
2022-01-14T15:59:08Z,759.76,1.381,134,58,643,1807.91,40.02454351633787,-105.29913866892457,8117210422
2022-01-14T15:59:09Z,760.49,1.39,133,58,644,1807.91,40.02454988658428,-105.29914076440036,8117210422
2022-01-14T15:59:10Z,761.75,1.39,133,58,645,1807.91,40.024561285972595,-105.29914160259068,8117210422
2022-01-14T15:59:11Z,762.81,1.381,133,58,646,1808.55,40.02457075752318,-105.29914353042841,8117210422
2022-01-14T15:59:12Z,763.76,1.372,133,58,647,1808.55,40.024579307064414,-105.29914269223809,8117210422
2022-01-14T15:59:13Z,764.99,1.372,133,58,648,1808.55,40.0245903711766,-105.2991440333426,8117210422
2022-01-14T15:59:14Z,766.4,1.362,133,57,649,1806.86,40.024602860212326,-105.29914705082774,8117210422
2022-01-14T15:59:15Z,767.74,1.353,133,57,650,1807.45,40.024615013971925,-105.29914830811322,8117210422
2022-01-14T15:59:16Z,769.1,1.353,132,57,651,1807.45,40.02462716773152,-105.29914981685579,8117210422
2022-01-14T15:59:17Z,770.57,1.353,132,57,652,1808.03,40.024640411138535,-105.29915023595095,8117210422
2022-01-14T15:59:18Z,772.06,1.353,132,57,653,1808.03,40.02465382218361,-105.29914914630353,8117210422
2022-01-14T15:59:19Z,773.41,1.353,131,57,654,1808.03,40.02466572448611,-105.29914596118033,8117210422
2022-01-14T15:59:20Z,774.27,1.353,131,57,655,1809.59,40.024673100560904,-105.29914294369519,8117210422
2022-01-14T15:59:21Z,775.48,1.353,131,57,656,1810.05,40.02468357793987,-105.2991387527436,8117210422
2022-01-14T15:59:22Z,776.69,1.344,131,57,657,1810.05,40.024694222956896,-105.2991355676204,8117210422
2022-01-14T15:59:23Z,778.19,1.334,131,57,658,1810.05,40.02470763400197,-105.29913338832557,8117210422
2022-01-14T15:59:24Z,779.48,1.334,130,57,659,1810.44,40.02471928484738,-105.29913322068751,8117210422
2022-01-14T15:59:25Z,781.09,1.334,129,57,660,1810.44,40.024733701720834,-105.29913414269686,8117210422
2022-01-14T15:59:26Z,782.53,1.334,129,57,661,1810.71,40.02474669367075,-105.29913422651589,8117210422
2022-01-14T15:59:27Z,784.14,1.344,129,57,662,1810.71,40.024761194363236,-105.29913640581071,8117210422
2022-01-14T15:59:28Z,785.62,1.353,130,57,663,1810.71,40.024774270132184,-105.29913933947682,8117210422
2022-01-14T15:59:29Z,787.19,1.362,130,57,664,1810.73,40.024788435548544,-105.29914026148617,8117210422
2022-01-14T15:59:30Z,788.55,1.362,130,57,665,1810.73,40.024800673127174,-105.29914135113358,8117210422
2022-01-14T15:59:31Z,789.65,1.372,131,57,666,1810.73,40.02481064759195,-105.29914076440036,8117210422
2022-01-14T15:59:32Z,790.8,1.372,130,57,667,1810.94,40.02482087351382,-105.29914344660938,8117210422
2022-01-14T15:59:33Z,792.07,1.372,130,0,668,1810.97,40.02483084797859,-105.29915057122707,8117210422
2022-01-14T15:59:34Z,793.69,1.372,130,0,669,1810.97,40.02484233118594,-105.29916339553893,8117210422
2022-01-14T15:59:35Z,795.53,1.4,130,0,670,1811.87,40.024854987859726,-105.29917798005044,8117210422
2022-01-14T15:59:36Z,797.24,1.409,130,58,671,1811.61,40.02486730925739,-105.29918996617198,8117210422
2022-01-14T15:59:37Z,798.56,1.409,130,58,672,1811.61,40.02487577497959,-105.29920144937932,8117210422
2022-01-14T15:59:38Z,799.75,1.418,129,58,673,1811.61,40.02488289959729,-105.2992130164057,8117210422
2022-01-14T15:59:39Z,800.76,1.418,130,58,674,1812.31,40.0248890183866,-105.29922215268016,8117210422
2022-01-14T15:59:40Z,801.77,1.418,130,58,675,1812.31,40.0248958915472,-105.2992304507643,8117210422
2022-01-14T15:59:41Z,802.73,1.418,129,58,676,1812.31,40.024903770536184,-105.29923497699201,8117210422
2022-01-14T15:59:42Z,803.45,1.409,129,58,677,1812.31,40.02490997314453,-105.29923765920103,8117210422
2022-01-14T15:59:43Z,804.98,1.4,130,58,678,1813.9,40.02492397092283,-105.299237575382,8117210422
2022-01-14T15:59:44Z,806.3,1.372,129,58,679,1813.9,40.02493587322533,-105.29923874884844,8117210422
2022-01-14T15:59:45Z,807.31,1.362,130,58,680,1813.9,40.02494467422366,-105.29924151487648,8117210422
2022-01-14T15:59:46Z,808.2,1.353,130,57,681,1813.9,40.024952720850706,-105.29924218542874,8117210422
2022-01-14T15:59:47Z,809.05,1.334,130,57,682,1815.54,40.024960013106465,-105.29924570582807,8117210422
2022-01-14T15:59:48Z,809.78,1.316,130,57,683,1814.51,40.02496562898159,-105.29925048351288,8117210422
2022-01-14T15:59:49Z,810.8,1.288,130,57,684,1814.51,40.0249738432467,-105.29925551265478,8117210422
2022-01-14T15:59:50Z,812.06,1.26,130,57,685,1814.51,40.02498406916857,-105.29926188290119,8117210422
2022-01-14T15:59:51Z,812.93,1.241,130,57,686,1816.12,40.02499161288142,-105.29926498420537,8117210422
2022-01-14T15:59:52Z,813.93,1.241,131,57,687,1816.12,40.02499991096556,-105.29926942661405,8117210422
2022-01-14T15:59:53Z,814.82,1.222,131,57,688,1816.12,40.02500418573618,-105.29927940107882,8117210422
2022-01-14T15:59:54Z,816.29,1.213,131,57,689,1815.05,40.02501063980162,-105.29929457232356,8117210422
2022-01-14T15:59:55Z,817.74,1.204,131,57,690,1815.05,40.02502136863768,-105.29930488206446,8117210422
2022-01-14T15:59:56Z,819.19,1.204,131,57,691,1816.59,40.025029331445694,-105.29931829310954,8117210422
2022-01-14T15:59:57Z,820.5,1.213,131,57,692,1815.5,40.02503830008209,-105.29932843521237,8117210422
2022-01-14T15:59:58Z,822.18,1.213,131,57,693,1815.5,40.02504978328943,-105.29934151098132,8117210422
2022-01-14T15:59:59Z,824.27,1.213,131,57,694,1815.89,40.02506193704903,-105.2993602026254,8117210422
2022-01-14T16:00:00Z,826.44,1.222,132,57,695,1815.89,40.0250755995512,-105.29937839135528,8117210422
2022-01-14T16:00:01Z,828.77,1.241,131,57,696,1814.74,40.02509202808142,-105.29939557425678,8117210422
2022-01-14T16:00:02Z,831.23,1.26,132,57,697,1816.16,40.025109546259046,-105.29941326007247,8117210422
2022-01-14T16:00:03Z,833.88,1.269,132,57,698,1814.93,40.02512966282666,-105.29943044297397,8117210422
2022-01-14T16:00:04Z,836.37,1.297,132,84,699,1816.29,40.025148103013635,-105.29944729059935,8117210422
2022-01-14T16:00:05Z,839.22,2.09,133,85,700,1816.53,40.02517132088542,-105.29946153983474,8117210422
2022-01-14T16:00:06Z,841.61,2.622,133,85,701,1816.53,40.025191185995936,-105.29947243630886,8117210422
2022-01-14T16:00:07Z,843.76,2.687,134,85,702,1817.96,40.02520954236388,-105.29948157258332,8117210422
2022-01-14T16:00:08Z,845.96,2.687,134,86,703,1817.96,40.0252275634557,-105.29949213378131,8117210422
2022-01-14T16:00:09Z,848.14,2.566,134,86,704,1818.2,40.02524415962398,-105.29950655065477,8117210422
2022-01-14T16:00:10Z,850.11,2.51,136,86,705,1818.2,40.02525622956455,-105.29952364973724,8117210422
2022-01-14T16:00:11Z,852.19,2.473,136,86,706,1817.03,40.025269724428654,-105.29954083263874,8117210422
2022-01-14T16:00:12Z,854.52,2.435,136,86,707,1818.34,40.02528598532081,-105.2995581831783,8117210422
2022-01-14T16:00:13Z,857.2,2.435,137,86,708,1817.14,40.025305934250355,-105.29957595281303,8117210422
2022-01-14T16:00:14Z,859.61,2.501,138,84,709,1818.43,40.025323955342174,-105.29959179461002,8117210422
2022-01-14T16:00:15Z,862,2.557,138,84,710,1818.66,40.02534365281463,-105.2996033616364,8117210422
2022-01-14T16:00:16Z,864.32,2.557,138,91,711,1818.66,40.02536293119192,-105.29961375519633,8117210422
2022-01-14T16:00:17Z,866.37,2.566,138,91,712,1820.04,40.02538053318858,-105.29962155036628,8117210422
2022-01-14T16:00:18Z,867.74,2.566,138,91,713,1820.04,40.025391429662704,-105.29962884262204,8117210422
2022-01-14T16:00:19Z,868.82,2.557,139,91,714,1820.04,40.0254003982991,-105.29963378794491,8117210422
2022-01-14T16:00:20Z,869.63,2.417,138,91,715,1819.23,40.0254072714597,-105.29963714070618,8117210422
2022-01-14T16:00:21Z,870.81,2.053,138,91,716,1820.81,40.02541808411479,-105.2996379788965,8117210422
2022-01-14T16:00:22Z,872.15,1.81,139,91,717,1820.81,40.02542990259826,-105.29964074492455,8117210422
2022-01-14T16:00:23Z,873.47,1.81,138,91,718,1820.81,40.025441804900765,-105.29964225366712,8117210422
2022-01-14T16:00:24Z,874.42,1.885,138,91,719,1822.33,40.025450605899096,-105.2996432594955,8117210422
2022-01-14T16:00:25Z,875.33,1.885,138,91,720,1822.33,40.02545798197389,-105.29964812099934,8117210422
2022-01-14T16:00:26Z,876.98,1.241,138,48,721,1822.33,40.02547248266637,-105.29965440742671,8117210422
2022-01-14T16:00:27Z,878.72,1.222,137,48,722,1823.75,40.025486731901765,-105.29966354370117,8117210422
2022-01-14T16:00:28Z,880.53,1.222,138,48,723,1823.29,40.02549964003265,-105.29967670328915,8117210422
2022-01-14T16:00:29Z,881.99,1.325,137,45,724,1823.29,40.02550659701228,-105.29969153925776,8117210422
2022-01-14T16:00:30Z,883.4,1.325,138,45,725,1823.29,40.025514643639326,-105.29970444738865,8117210422
2022-01-14T16:00:31Z,885.22,1.288,138,45,726,1824.22,40.02552755177021,-105.29971769079566,8117210422
2022-01-14T16:00:32Z,886.72,1.269,138,45,727,1824.22,40.02553626894951,-105.29973194003105,8117210422
2022-01-14T16:00:33Z,888.09,1.25,138,45,728,1823.8,40.02554280683398,-105.29974551871419,8117210422
2022-01-14T16:00:34Z,889.06,1.25,139,45,729,1823.8,40.02554615959525,-105.29975616373122,8117210422
2022-01-14T16:00:35Z,890.08,1.213,139,45,730,1825.09,40.02555403858423,-105.29976261779666,8117210422
2022-01-14T16:00:36Z,891.21,1.11,139,45,731,1825.09,40.02556418068707,-105.2997656352818,8117210422
2022-01-14T16:00:37Z,892.71,1.101,140,45,732,1825.09,40.02557700499892,-105.29977141879499,8117210422
2022-01-14T16:00:38Z,894.32,1.101,140,45,733,1826.25,40.02559117041528,-105.29977586120367,8117210422
2022-01-14T16:00:39Z,895.72,1.138,140,45,734,1825.8,40.02560332417488,-105.29978038743138,8117210422
2022-01-14T16:00:40Z,897.41,1.166,140,45,735,1825.8,40.02561832778156,-105.29978457838297,8117210422
2022-01-14T16:00:41Z,898.84,1.185,141,45,736,1826.78,40.02563157118857,-105.29978315345943,8117210422
2022-01-14T16:00:42Z,899.97,1.222,141,45,737,1826.78,40.02564188092947,-105.29978323727846,8117210422
2022-01-14T16:00:43Z,901.21,1.232,141,45,738,1826.78,40.0256522744894,-105.29978902079165,8117210422
2022-01-14T16:00:44Z,902.84,1.232,141,45,739,1827.71,40.02566576935351,-105.29979631304741,8117210422
2022-01-14T16:00:45Z,904.07,1.232,142,45,740,1827.71,40.02567591145635,-105.29980218037963,8117210422
2022-01-14T16:00:46Z,905.35,1.26,142,45,741,1827.71,40.025686556473374,-105.29980804771185,8117210422
2022-01-14T16:00:47Z,906.87,1.26,143,45,742,1827.7,40.02569988369942,-105.29981232248247,8117210422
2022-01-14T16:00:48Z,908.24,1.26,143,45,743,1827.7,40.02571228891611,-105.2998142503202,8117210422
2022-01-14T16:00:49Z,910.05,1.269,143,45,744,1828.48,40.02572821453214,-105.2998192794621,8117210422
2022-01-14T16:00:50Z,911.95,1.278,143,45,745,1828.48,40.02574497833848,-105.29982338659465,8117210422
2022-01-14T16:00:51Z,913.82,1.297,143,45,746,1828.48,40.02576123923063,-105.2998293377459,8117210422
2022-01-14T16:00:52Z,915.57,1.325,144,45,747,1829.4,40.02577582374215,-105.29983721673489,8117210422
2022-01-14T16:00:53Z,917.32,1.344,144,45,748,1829.4,40.02579133026302,-105.29984073713422,8117210422
2022-01-14T16:00:54Z,918.81,1.353,143,58,749,1830.4,40.02580474130809,-105.29984216205776,8117210422
2022-01-14T16:00:55Z,920.04,1.353,143,58,750,1830.4,40.02581588923931,-105.29984124004841,8117210422
2022-01-14T16:00:56Z,921.01,1.362,143,58,751,1830.4,40.02582460641861,-105.29984065331519,8117210422
2022-01-14T16:00:57Z,922.74,1.353,144,58,752,1831.44,40.02584028057754,-105.29984132386744,8117210422
2022-01-14T16:00:58Z,924.87,1.362,143,58,753,1831.44,40.025859558954835,-105.29984124004841,8117210422
2022-01-14T16:00:59Z,926.59,1.39,143,58,754,1832.47,40.02587498165667,-105.29984115622938,8117210422
2022-01-14T16:01:00Z,927.75,1.484,143,58,755,1832.47,40.02588512375951,-105.29984509572387,8117210422
2022-01-14T16:01:01Z,928.65,1.521,143,58,756,1831.22,40.02589308656752,-105.29984769411385,8117210422
2022-01-14T16:01:02Z,929.76,1.521,143,58,757,1831.22,40.02590230666101,-105.29985280707479,8117210422
2022-01-14T16:01:03Z,931.12,1.428,144,41,758,1832.14,40.02591395750642,-105.29985783621669,8117210422
2022-01-14T16:01:04Z,932.58,1.381,143,41,759,1832.14,40.02592577598989,-105.2998655475676,8117210422
2022-01-14T16:01:05Z,934,1.334,144,41,760,1832.14,40.02593759447336,-105.29987233690917,8117210422
2022-01-14T16:01:06Z,935.48,1.316,144,41,761,1833.03,40.02595067024231,-105.2998761087656,8117210422
2022-01-14T16:01:07Z,936.79,1.297,145,41,762,1833.03,40.025962153449655,-105.29988021589816,8117210422
2022-01-14T16:01:08Z,938.12,1.288,145,41,763,1833.84,40.02597413957119,-105.2998813893646,8117210422
2022-01-14T16:01:09Z,939.56,1.269,145,58,764,1833.84,40.025987131521106,-105.299879796803,8117210422
2022-01-14T16:01:10Z,941.19,1.269,145,58,765,1833.84,40.0260011292994,-105.2998742647469,8117210422
2022-01-14T16:01:11Z,942.85,1.344,145,58,766,1834.66,40.02601571381092,-105.29986973851919,8117210422
2022-01-14T16:01:12Z,944.68,1.512,144,58,767,1834.66,40.02603214234114,-105.29987208545208,8117210422
2022-01-14T16:01:13Z,946.32,1.633,144,58,768,1835.56,40.0260463077575,-105.29987761750817,8117210422
2022-01-14T16:01:14Z,948.14,1.68,144,53,769,1834.35,40.02606122754514,-105.29988625086844,8117210422
2022-01-14T16:01:15Z,949.97,1.689,144,53,770,1834.35,40.02607690170407,-105.29989312402904,8117210422
2022-01-14T16:01:16Z,951.79,1.689,144,53,771,1835.39,40.02609333023429,-105.29989572241902,8117210422
2022-01-14T16:01:17Z,954.01,1.698,144,53,772,1836.52,40.02611353062093,-105.29989748261869,8117210422
2022-01-14T16:01:18Z,955.64,1.717,143,53,773,1836.52,40.02612752839923,-105.29990309849381,8117210422
2022-01-14T16:01:19Z,957.14,1.754,144,58,774,1836.52,40.02613993361592,-105.29991013929248,8117210422
2022-01-14T16:01:20Z,958.73,1.754,143,58,775,1836.64,40.02615259028971,-105.29991885647178,8117210422
2022-01-14T16:01:21Z,960.69,1.736,143,58,776,1836.64,40.02616851590574,-105.29992866329849,8117210422
2022-01-14T16:01:22Z,962.4,1.745,143,58,777,1836.64,40.02618217840791,-105.2999382186681,8117210422
2022-01-14T16:01:23Z,963.72,1.736,142,58,778,1837.7,40.02619257196784,-105.29994584619999,8117210422
2022-01-14T16:01:24Z,964.92,1.736,142,58,779,1836.6,40.02620195969939,-105.29995255172253,8117210422
2022-01-14T16:01:25Z,966.35,1.708,141,58,780,1836.6,40.026214364916086,-105.29995766468346,8117210422
2022-01-14T16:01:26Z,967.51,1.68,141,58,781,1837.7,40.02622467465699,-105.29995992779732,8117210422
2022-01-14T16:01:27Z,968.51,1.67,141,58,782,1837.7,40.02623322419822,-105.29996378347278,8117210422
2022-01-14T16:01:28Z,969.56,1.614,141,57,783,1837.7,40.02624194137752,-105.29996881261468,8117210422
2022-01-14T16:01:29Z,970.48,1.549,140,57,784,1837.7,40.0262500718236,-105.29997166246176,8117210422
2022-01-14T16:01:30Z,971.6,1.484,140,57,785,1838.93,40.0262601301074,-105.29997107572854,8117210422
2022-01-14T16:01:31Z,972.89,1.446,140,57,786,1838.93,40.02627169713378,-105.29996956698596,8117210422
2022-01-14T16:01:32Z,974.2,1.437,139,57,787,1838.93,40.026283683255315,-105.2999709919095,8117210422
2022-01-14T16:01:33Z,975.47,1.437,139,57,788,1840.37,40.02629424445331,-105.29997736215591,8117210422
2022-01-14T16:01:34Z,976.78,1.428,139,57,789,1840.37,40.02630396746099,-105.29998616315424,8117210422
2022-01-14T16:01:35Z,978,1.428,139,57,790,1839.4,40.02631276845932,-105.29999479651451,8117210422
2022-01-14T16:01:36Z,978.99,1.418,139,57,791,1839.4,40.02632073126733,-105.29999990947545,8117210422
2022-01-14T16:01:37Z,979.01,1.418,139,57,792,1839.4,40.02632098272443,-105.29999982565641,8117210422
2022-01-14T16:01:38Z,979.74,1.39,138,53,793,1840.93,40.02632710151374,-105.30000309459865,8117210422
2022-01-14T16:01:39Z,979.99,1.344,138,53,794,1840.93,40.02632978372276,-105.30000183731318,8117210422
2022-01-14T16:01:40Z,980.4,1.241,138,53,795,1840.93,40.02633330412209,-105.30000317841768,8117210422
2022-01-14T16:01:41Z,980.6,1.064,137,0,796,1840.93,40.026335064321756,-105.30000384896994,8117210422
2022-01-14T16:01:42Z,981.24,0.495,137,0,797,1840.93,40.026340847834945,-105.30000535771251,8117210422
2022-01-14T16:01:43Z,981.99,0.103,137,0,798,1840.93,40.02634663134813,-105.30000980012119,8117210422
2022-01-14T16:01:44Z,983.13,0.103,136,0,799,1840.93,40.02635476179421,-105.30001784674823,8117210422
2022-01-14T16:01:45Z,984.1,0.112,136,0,800,1841.79,40.02636247314513,-105.3000232949853,8117210422
2022-01-14T16:01:46Z,985.27,0.896,136,0,801,1841.79,40.02637135796249,-105.30003075487912,8117210422
2022-01-14T16:01:47Z,986.34,0.952,136,0,802,1841.79,40.02638007514179,-105.30003620311618,8117210422
2022-01-14T16:01:48Z,987.37,1.082,135,0,803,1841.79,40.02638711594045,-105.30004416592419,8117210422
2022-01-14T16:01:49Z,988.44,1.082,134,0,804,1843.32,40.0263949111104,-105.30005154199898,8117210422
2022-01-14T16:01:50Z,989.03,1.082,133,0,805,1843.32,40.026398096233606,-105.30005732551217,8117210422
2022-01-14T16:01:51Z,990.2,1.082,132,0,806,1843.18,40.02640907652676,-105.30005841515958,8117210422
2022-01-14T16:01:52Z,991.19,0.989,132,0,807,1843.18,40.026417039334774,-105.30006377957761,8117210422
2022-01-14T16:01:53Z,992.18,0.989,131,0,808,1843.18,40.02642374485731,-105.30007157474756,8117210422
2022-01-14T16:01:54Z,993.2,0.989,131,52,809,1844.88,40.02643086947501,-105.30007936991751,8117210422
2022-01-14T16:01:55Z,993.9,0.998,131,52,810,1844.88,40.02643438987434,-105.30008682981133,8117210422
2022-01-14T16:01:56Z,994.73,1.008,130,52,811,1844.88,40.026440592482686,-105.30009236186743,8117210422
2022-01-14T16:01:57Z,995.83,1.008,131,52,812,1845,40.02644905820489,-105.30009898357093,8117210422
2022-01-14T16:01:58Z,997,1.008,131,51,813,1845,40.02645836211741,-105.30010568909347,8117210422
2022-01-14T16:01:59Z,997.77,1.008,131,51,814,1845,40.026463558897376,-105.30011164024472,8117210422
2022-01-14T16:02:00Z,998.62,1.017,132,51,815,1846.66,40.02646632492542,-105.30012203380466,8117210422
2022-01-14T16:02:01Z,999.28,1.017,131,51,816,1846.64,40.02646875567734,-105.30012949369848,8117210422
2022-01-14T16:02:02Z,1000.46,1.017,131,51,817,1846.64,40.02647562883794,-105.30014005489647,8117210422
2022-01-14T16:02:03Z,1001.91,1.017,132,51,818,1846.64,40.026486022397876,-105.3001504484564,8117210422
2022-01-14T16:02:04Z,1003.07,1.017,132,51,819,1846.64,40.02649155445397,-105.30016209930182,8117210422
2022-01-14T16:02:05Z,1004.17,1.026,132,51,820,1846.54,40.026493733748794,-105.30017551034689,8117210422
2022-01-14T16:02:06Z,1005.09,1.036,132,51,821,1846.54,40.026496248319745,-105.30018598772585,8117210422
2022-01-14T16:02:07Z,1005.87,1.045,132,51,822,1846.54,40.02649809233844,-105.30019504018128,8117210422
2022-01-14T16:02:08Z,1006.67,1.045,132,51,823,1847.71,40.02650479786098,-105.30019914731383,8117210422
2022-01-14T16:02:09Z,1007.39,1.026,133,51,824,1847.9,40.02651175484061,-105.30019696801901,8117210422
2022-01-14T16:02:10Z,1008.05,1.017,133,51,825,1847.71,40.02651703543961,-105.30020048841834,8117210422
2022-01-14T16:02:11Z,1009.1,1.008,133,51,826,1847.71,40.02652642317116,-105.30020216479897,8117210422
2022-01-14T16:02:12Z,1010.12,0.989,133,51,827,1849.11,40.02653564326465,-105.30020233243704,8117210422
2022-01-14T16:02:13Z,1010.25,0.989,134,51,828,1849.11,40.02653664909303,-105.30020384117961,8117210422
2022-01-14T16:02:14Z,1011.07,0.989,134,51,829,1849.11,40.02654402516782,-105.30020191334188,8117210422
2022-01-14T16:02:15Z,1011.7,0.952,134,51,830,1849.11,40.02654964104295,-105.30020107515156,8117210422
2022-01-14T16:02:16Z,1012.3,0.952,133,51,831,1849.11,40.026554921641946,-105.30020291917026,8117210422
2022-01-14T16:02:17Z,1013.07,0.933,134,51,832,1849.11,40.02656179480255,-105.30020484700799,8117210422
2022-01-14T16:02:18Z,1014.42,0.914,133,51,833,1850.58,40.02657319419086,-105.30021079815924,8117210422
2022-01-14T16:02:19Z,1015.85,0.924,133,48,834,1850.58,40.02658450976014,-105.30021876096725,8117210422
2022-01-14T16:02:20Z,1017.01,0.924,133,48,835,1850.58,40.02659431658685,-105.30022353865206,8117210422
2022-01-14T16:02:21Z,1017.96,0.942,133,48,836,1850.58,40.02660294994712,-105.30022487975657,8117210422
2022-01-14T16:02:22Z,1018.99,0.961,133,48,837,1851.99,40.026612086221576,-105.30022714287043,8117210422
2022-01-14T16:02:23Z,1020.37,0.98,134,58,838,1851.99,40.026624323800206,-105.30022990889847,8117210422
2022-01-14T16:02:24Z,1021.26,0.989,134,58,839,1851.99,40.02663228660822,-105.30023108236492,8117210422
2022-01-14T16:02:25Z,1022.12,1.026,134,58,840,1852.66,40.02663924358785,-105.30023594386876,8117210422
2022-01-14T16:02:26Z,1022.76,1.026,135,58,841,1853.97,40.02664511092007,-105.30023636296391,8117210422
2022-01-14T16:02:27Z,1023.7,0.989,135,58,842,1853.97,40.026653576642275,-105.30023586004972,8117210422
2022-01-14T16:02:28Z,1024.81,0.933,136,58,843,1853.97,40.02666355110705,-105.30023451894522,8117210422
2022-01-14T16:02:29Z,1025.84,0.933,136,58,844,1853.3,40.02667084336281,-105.30022630468011,8117210422
2022-01-14T16:02:30Z,1026.98,0.961,137,44,845,1854.52,40.02668065018952,-105.30022202990949,8117210422
2022-01-14T16:02:31Z,1028.26,0.98,137,43,846,1854.52,40.026691211387515,-105.30021607875824,8117210422
2022-01-14T16:02:32Z,1029.36,1.045,137,43,847,1854.52,40.02670018002391,-105.30021029524505,8117210422
2022-01-14T16:02:33Z,1030.42,1.092,137,45,848,1854.52,40.02670847810805,-105.3002043440938,8117210422
2022-01-14T16:02:34Z,1031.4,1.092,136,45,849,1855.62,40.02671652473509,-105.3001993149519,8117210422
2022-01-14T16:02:35Z,1032.34,1.092,137,45,850,1855.08,40.026724906638265,-105.30019755475223,8117210422
2022-01-14T16:02:36Z,1033.27,1.082,136,0,851,1855.62,40.02673337236047,-105.30019948258996,8117210422
2022-01-14T16:02:37Z,1034.21,1.045,136,0,852,1855.62,40.02674125134945,-105.30020467936993,8117210422
2022-01-14T16:02:38Z,1034.68,1.036,135,0,853,1855.62,40.02674519084394,-105.30020660720766,8117210422
2022-01-14T16:02:39Z,1035.17,1.026,135,0,854,1856.6,40.02674954943359,-105.300207529217,8117210422
2022-01-14T16:02:40Z,1035.7,0.924,135,0,855,1856.6,40.026753237470984,-105.30021213926375,8117210422
2022-01-14T16:02:41Z,1036.01,0.868,135,0,856,1856.6,40.02675541676581,-105.30021457001567,8117210422
2022-01-14T16:02:42Z,1036.18,0.83,134,0,857,1856.6,40.02675675787032,-105.30021557584405,8117210422
2022-01-14T16:02:43Z,1036.18,0.784,134,0,858,1856.6,40.02675642259419,-105.30021457001567,8117210422
2022-01-14T16:02:44Z,1036.18,0.728,133,0,859,1856.6,40.02675315365195,-105.30021381564438,8117210422
2022-01-14T16:02:45Z,1036.18,0,133,0,860,1856.6,40.02675147727132,-105.300212809816,8117210422
2022-01-14T16:02:46Z,1036.18,0,133,0,861,1856.6,40.026750387623906,-105.30021155253053,8117210422
2022-01-14T16:02:47Z,1036.18,0,133,0,862,1856.6,40.02674971707165,-105.30021163634956,8117210422
2022-01-14T16:02:48Z,1036.26,0,133,0,863,1856.6,40.026749800890684,-105.30021272599697,8117210422
2022-01-14T16:02:49Z,1036.29,0,132,0,864,1856.6,40.02675005234778,-105.3002130612731,8117210422
2022-01-14T16:02:50Z,1036.3,0,132,0,865,1856.6,40.02675005234778,-105.30021297745407,8117210422
2022-01-14T16:02:51Z,1036.31,0,132,0,866,1856.6,40.02675005234778,-105.300212809816,8117210422
2022-01-14T16:02:52Z,1036.48,0,131,0,867,1856.6,40.02675139345229,-105.30021180398762,8117210422
2022-01-14T16:02:53Z,1036.53,0,130,0,868,1856.6,40.026751812547445,-105.30021213926375,8117210422
2022-01-14T16:02:54Z,1036.54,0,129,0,869,1856.6,40.02675198018551,-105.30021205544472,8117210422
2022-01-14T16:02:55Z,1036.56,0,128,0,870,1856.6,40.02675256691873,-105.3002112172544,8117210422
2022-01-14T16:02:56Z,1037.08,0,127,58,871,1856.6,40.02675709314644,-105.30021272599697,8117210422
2022-01-14T16:02:57Z,1037.89,0,126,58,872,1856.6,40.026763547211885,-105.30021725222468,8117210422
2022-01-14T16:02:58Z,1038.87,0.009,125,58,873,1856.6,40.026771761476994,-105.3002215269953,8117210422
2022-01-14T16:02:59Z,1039.67,0.541,125,58,874,1856.6,40.02677880227566,-105.30022353865206,8117210422
2022-01-14T16:03:00Z,1040.47,0.896,123,58,875,1857.41,40.026785004884005,-105.30022856779397,8117210422
2022-01-14T16:03:01Z,1041.23,0.896,123,58,876,1857.41,40.026791375130415,-105.3002318367362,8117210422
2022-01-14T16:03:02Z,1041.96,0.896,121,58,877,1858.25,40.02679707482457,-105.30023594386876,8117210422
2022-01-14T16:03:03Z,1042.74,0.868,121,58,878,1858.25,40.02680386416614,-105.3002387098968,8117210422
2022-01-14T16:03:04Z,1043.69,0.868,122,58,879,1858.25,40.02681216225028,-105.30024114064872,8117210422
2022-01-14T16:03:05Z,1044.71,0.877,122,58,880,1859.06,40.02682087942958,-105.30024499632418,8117210422
2022-01-14T16:03:06Z,1045.64,0.942,123,43,881,1859.06,40.02682934515178,-105.3002458345145,8117210422
2022-01-14T16:03:07Z,1046.86,0.961,123,43,882,1859.06,40.02683940343559,-105.30025178566575,8117210422
2022-01-14T16:03:08Z,1047.59,0.98,123,43,883,1859.06,40.026844684034586,-105.30025681480765,8117210422
2022-01-14T16:03:09Z,1048.41,0.961,123,43,884,1859.64,40.02685130573809,-105.30026125721633,8117210422
2022-01-14T16:03:10Z,1048.89,0.961,123,43,885,1859.64,40.02685507759452,-105.30026393942535,8117210422
2022-01-14T16:03:11Z,1049.83,0.933,124,0,886,1859.64,40.026863627135754,-105.30026393942535,8117210422
2022-01-14T16:03:12Z,1050.72,0.877,123,0,887,1859.64,40.026871506124735,-105.30026569962502,8117210422
2022-01-14T16:03:13Z,1051.13,0.877,123,0,888,1859.64,40.0268751103431,-105.30026678927243,8117210422
2022-01-14T16:03:14Z,1051.97,0.877,123,0,889,1860.79,40.02688139677048,-105.30027257278562,8117210422
2022-01-14T16:03:15Z,1052.88,0.812,123,0,890,1860.79,40.02688315697014,-105.3002836368978,8117210422
2022-01-14T16:03:16Z,1053.78,0.812,122,0,891,1861.42,40.02688776701689,-105.3002923540771,8117210422
2022-01-14T16:03:17Z,1054.58,0.821,122,0,892,1861.42,40.02689162269235,-105.30030048452318,8117210422
2022-01-14T16:03:18Z,1055.4,0.83,122,0,893,1862.5,40.02689338289201,-105.30030987225473,8117210422
2022-01-14T16:03:19Z,1056.28,0.83,123,0,894,1862.5,40.02689866349101,-105.30031817033887,8117210422
2022-01-14T16:03:20Z,1056.84,0.83,123,0,895,1862.5,40.02690008841455,-105.30032454058528,8117210422
2022-01-14T16:03:21Z,1057.52,0.83,123,0,896,1862.5,40.02690159715712,-105.30033216811717,8117210422
2022-01-14T16:03:22Z,1058.16,0.821,123,0,897,1863.34,40.026901764795184,-105.30034013092518,8117210422
2022-01-14T16:03:23Z,1058.82,0.821,123,0,898,1863.34,40.02690461464226,-105.30034692026675,8117210422
2022-01-14T16:03:24Z,1059.94,0.812,124,0,899,1863.34,40.02691148780286,-105.30035664327443,8117210422
2022-01-14T16:03:25Z,1061.24,0.812,124,0,900,1863.34,40.02692054025829,-105.30036619864404,8117210422
2022-01-14T16:03:26Z,1062.24,0.812,124,0,901,1864.07,40.02692841924727,-105.30037198215723,8117210422
2022-01-14T16:03:27Z,1063,0.84,125,0,902,1864.83,40.02693495713174,-105.30037499964237,8117210422
2022-01-14T16:03:28Z,1063.79,0.849,125,0,903,1864.83,40.026941914111376,-105.30037659220397,8117210422
2022-01-14T16:03:29Z,1064.13,0.849,126,0,904,1864.83,40.026944763958454,-105.30037810094655,8117210422
2022-01-14T16:03:30Z,1064.74,0.849,126,0,905,1864.83,40.02694979310036,-105.30038153752685,8117210422
2022-01-14T16:03:31Z,1065.36,0.83,127,0,906,1864.83,40.026954570785165,-105.30038505792618,8117210422
2022-01-14T16:03:32Z,1066.29,0.821,127,0,907,1865.64,40.026962868869305,-105.30038740485907,8117210422
2022-01-14T16:03:33Z,1067.22,0.812,127,0,908,1865.64,40.026970747858286,-105.30039100907743,8117210422
2022-01-14T16:03:34Z,1067.84,0.812,127,0,909,1865.64,40.02697544172406,-105.30039528384805,8117210422
2022-01-14T16:03:35Z,1068.86,0.812,128,0,910,1865.64,40.02698348835111,-105.30040106736124,8117210422
2022-01-14T16:03:36Z,1069.98,0.812,128,0,911,1866.53,40.02699295990169,-105.30040550976992,8117210422
2022-01-14T16:03:37Z,1071.57,0.821,128,0,912,1867.34,40.02700662240386,-105.3004112932831,8117210422
2022-01-14T16:03:38Z,1072.65,0.83,128,0,913,1867.34,40.027015591040254,-105.30041632242501,8117210422
2022-01-14T16:03:39Z,1073.73,0.849,128,0,914,1867.34,40.02702355384827,-105.30042403377593,8117210422
2022-01-14T16:03:40Z,1075.07,0.858,128,0,915,1868.28,40.02703260630369,-105.30043459497392,8117210422
2022-01-14T16:03:41Z,1076.37,0.858,128,0,916,1868.81,40.02704098820686,-105.30044523999095,8117210422
2022-01-14T16:03:42Z,1078.14,0.868,129,0,917,1868.81,40.02704911865294,-105.3004630934447,8117210422
2022-01-14T16:03:43Z,1079.48,0.886,129,0,918,1868.81,40.027056159451604,-105.30047591775656,8117210422
2022-01-14T16:03:44Z,1080.55,0.924,129,0,919,1869.71,40.02706286497414,-105.30048505403101,8117210422
2022-01-14T16:03:45Z,1081.6,1.054,129,0,920,1869.71,40.02707066014409,-105.30049201101065,8117210422
2022-01-14T16:03:46Z,1082.96,1.054,130,0,921,1869.71,40.02708239480853,-105.30049687251449,8117210422
2022-01-14T16:03:47Z,1084.41,0.821,130,0,922,1869.71,40.02709513530135,-105.30050106346607,8117210422
2022-01-14T16:03:48Z,1085.83,0.821,131,0,923,1870.4,40.027107540518045,-105.30050517059863,8117210422
2022-01-14T16:03:49Z,1087.42,1.008,131,0,924,1870.4,40.02712178975344,-105.30050793662667,8117210422
2022-01-14T16:03:50Z,1088.81,1.12,132,0,925,1871,40.027133943513036,-105.30051313340664,8117210422
2022-01-14T16:03:51Z,1090.14,1.269,132,0,926,1870.54,40.027144169434905,-105.30052126385272,8117210422
2022-01-14T16:03:52Z,1091.39,1.306,133,0,927,1870.54,40.0271531380713,-105.30053056776524,8117210422
2022-01-14T16:03:53Z,1092.35,1.325,133,0,928,1870.54,40.02715875394642,-105.30053911730647,8117210422
2022-01-14T16:03:54Z,1093.52,1.325,133,0,929,1870.92,40.0271668843925,-105.3005481697619,8117210422
2022-01-14T16:03:55Z,1094.65,1.213,133,0,930,1870.45,40.027174009010196,-105.30055780895054,8117210422
2022-01-14T16:03:56Z,1096.16,1.204,133,0,931,1870.45,40.027184067294,-105.30056945979595,8117210422
2022-01-14T16:03:57Z,1097.88,1.204,133,0,932,1870.45,40.027196975424886,-105.30058085918427,8117210422
2022-01-14T16:03:58Z,1099.6,1.232,133,0,933,1870.3,40.027208710089326,-105.30059401877224,8117210422
2022-01-14T16:03:59Z,1101.11,1.278,133,0,934,1870.3,40.02721910364926,-105.30060550197959,8117210422
2022-01-14T16:04:00Z,1102.46,1.306,132,0,935,1870.3,40.02722782082856,-105.30061648227274,8117210422
2022-01-14T16:04:01Z,1104.24,1.325,132,56,936,1870.29,40.02724005840719,-105.30062997713685,8117210422
2022-01-14T16:04:02Z,1106.39,1.334,131,58,937,1870.29,40.02725087106228,-105.30065084807575,8117210422
2022-01-14T16:04:03Z,1108.6,1.372,130,58,938,1870.12,40.02726134844124,-105.30067314393818,8117210422
2022-01-14T16:04:04Z,1110.72,1.428,129,58,939,1870.64,40.027272664010525,-105.3006932605058,8117210422
2022-01-14T16:04:05Z,1112.84,1.502,128,58,940,1870.64,40.02728381194174,-105.30071346089244,8117210422
2022-01-14T16:04:06Z,1114.46,1.568,127,58,941,1870.86,40.02729093655944,-105.30073014087975,8117210422
2022-01-14T16:04:07Z,1115.76,1.614,126,58,942,1870.86,40.02729739062488,-105.30074371956289,8117210422
2022-01-14T16:04:08Z,1116.65,1.614,126,58,943,1870.86,40.02730216830969,-105.30075243674219,8117210422
2022-01-14T16:04:09Z,1117.66,1.596,125,58,944,1872.06,40.02730753272772,-105.3007619921118,8117210422
2022-01-14T16:04:10Z,1119.13,1.493,125,58,945,1872.06,40.02731608226895,-105.30077515169978,8117210422
2022-01-14T16:04:11Z,1120.39,1.493,124,58,946,1872.06,40.02732094377279,-105.30078847892582,8117210422
2022-01-14T16:04:12Z,1121.6,1.512,124,58,947,1872.48,40.027323542162776,-105.30080222524703,8117210422
2022-01-14T16:04:13Z,1122.49,1.512,124,58,948,1872.48,40.02732362598181,-105.30081295408309,8117210422
2022-01-14T16:04:14Z,1123.51,1.512,124,58,949,1872.48,40.02732614055276,-105.30082452110946,8117210422
2022-01-14T16:04:15Z,1124.37,1.418,124,58,950,1872.69,40.027328906580806,-105.30083407647908,8117210422
2022-01-14T16:04:16Z,1125.38,1.409,124,58,951,1872.69,40.0273344386369,-105.30084354802966,8117210422
2022-01-14T16:04:17Z,1126.53,1.344,124,58,952,1873.27,40.0273431558162,-105.30085067264736,8117210422
2022-01-14T16:04:18Z,1127.62,1.306,124,58,953,1873.27,40.027352375909686,-105.30085545033216,8117210422
2022-01-14T16:04:19Z,1129.2,1.306,124,63,954,1873.27,40.02736637368798,-105.30085905455053,8117210422
2022-01-14T16:04:20Z,1130.77,1.306,124,63,955,1873.6,40.027380706742406,-105.30085955746472,8117210422
2022-01-14T16:04:21Z,1132.11,1.325,124,63,956,1873.6,40.02739260904491,-105.3008624073118,8117210422
2022-01-14T16:04:22Z,1133.66,1.353,124,63,957,1873.45,40.02740442752838,-105.30087263323367,8117210422
2022-01-14T16:04:23Z,1135.75,1.39,124,63,958,1873.68,40.02741943113506,-105.30088746920228,8117210422
2022-01-14T16:04:24Z,1137.28,1.39,124,63,959,1873.58,40.02742940559983,-105.30090004205704,8117210422
2022-01-14T16:04:25Z,1138.75,1.446,124,61,960,1873.58,40.027439296245575,-105.30091169290245,8117210422
2022-01-14T16:04:26Z,1140.14,1.456,124,61,961,1873.97,40.027450025081635,-105.30092099681497,8117210422
2022-01-14T16:04:27Z,1141.2,1.456,124,61,962,1873.97,40.02745748497546,-105.30092887580395,8117210422
2022-01-14T16:04:28Z,1141.94,1.456,124,59,963,1873.97,40.02746351994574,-105.30093289911747,8117210422
2022-01-14T16:04:29Z,1142.59,1.362,123,59,964,1873.97,40.02746930345893,-105.3009348269552,8117210422
2022-01-14T16:04:30Z,1143.76,1.232,122,59,965,1874.12,40.02747877500951,-105.30094111338258,8117210422
2022-01-14T16:04:31Z,1144.68,1.12,122,59,966,1874.75,40.02748539671302,-105.30094748362899,8117210422
2022-01-14T16:04:32Z,1145.64,1.11,122,59,967,1874.75,40.02748933620751,-105.30095796100795,8117210422
2022-01-14T16:04:33Z,1146.11,1.045,122,59,968,1874.75,40.0274882465601,-105.30096449889243,8117210422
2022-01-14T16:04:34Z,1146.9,1.008,122,59,969,1875.35,40.02749025821686,-105.30097338370979,8117210422
2022-01-14T16:04:35Z,1148.05,0.821,122,59,970,1875.35,40.027496460825205,-105.30098461546004,8117210422
2022-01-14T16:04:36Z,1149.18,0.821,122,59,971,1875.35,40.02749998122454,-105.30099702067673,8117210422
2022-01-14T16:04:37Z,1150.38,1.036,121,59,972,1876.09,40.027504842728376,-105.30100976116955,8117210422
2022-01-14T16:04:38Z,1151.59,1.092,121,51,973,1876.09,40.027513559907675,-105.3010191489011,8117210422
2022-01-14T16:04:39Z,1152.83,1.138,121,51,974,1876.95,40.027523785829544,-105.30102635733783,8117210422
2022-01-14T16:04:40Z,1154.05,1.148,121,52,975,1876.95,40.02753392793238,-105.30103264376521,8117210422
2022-01-14T16:04:41Z,1155,1.166,120,52,976,1876.95,40.02754122018814,-105.30103859491646,8117210422
2022-01-14T16:04:42Z,1155.89,1.166,120,52,977,1877.92,40.027547255158424,-105.3010455518961,8117210422
2022-01-14T16:04:43Z,1157.44,1.101,120,52,978,1878.34,40.02755773253739,-105.3010574541986,8117210422
2022-01-14T16:04:44Z,1158.67,1.101,120,52,979,1878.34,40.02756577916443,-105.30106726102531,8117210422
2022-01-14T16:04:45Z,1159.62,1.11,121,52,980,1878.34,40.02757198177278,-105.30107505619526,8117210422
2022-01-14T16:04:46Z,1160.55,1.129,122,52,981,1879.3,40.027577513828874,-105.30108327046037,8117210422
2022-01-14T16:04:47Z,1161.56,1.129,122,52,982,1879.3,40.02758405171335,-105.30109148472548,8117210422
2022-01-14T16:04:48Z,1162.41,1.12,123,52,983,1879.86,40.02758866176009,-105.30109953135252,8117210422
2022-01-14T16:04:49Z,1163.19,1.12,123,52,984,1879.86,40.027593187987804,-105.30110657215118,8117210422
2022-01-14T16:04:50Z,1164.33,1.11,124,52,985,1881.07,40.02759880386293,-105.30111780390143,8117210422
2022-01-14T16:04:51Z,1165.2,1.073,125,52,986,1881.07,40.0275984685868,-105.30112911947072,8117210422
2022-01-14T16:04:52Z,1166.19,1.064,127,52,987,1881.07,40.02759897150099,-105.30114077031612,8117210422
2022-01-14T16:04:53Z,1167.17,1.054,127,52,988,1882.01,40.02760433591902,-105.30115032568574,8117210422
2022-01-14T16:04:54Z,1167.87,1.054,128,52,989,1882.01,40.02760701812804,-105.3011578693986,8117210422
2022-01-14T16:04:55Z,1168.68,1.045,129,52,990,1882.01,40.02761146053672,-105.30116558074951,8117210422
2022-01-14T16:04:56Z,1169.71,1.017,129,44,991,1882.01,40.02761506475508,-105.30117672868073,8117210422
2022-01-14T16:04:57Z,1171.38,1.008,130,44,992,1882.57,40.02762143500149,-105.30119449831545,8117210422
2022-01-14T16:04:58Z,1172.2,1.008,131,44,993,1884.24,40.027625458315015,-105.30120271258056,8117210422
2022-01-14T16:04:59Z,1173.09,1.026,131,44,994,1884.24,40.02763065509498,-105.3012110106647,8117210422
2022-01-14T16:05:00Z,1173.97,1.026,132,44,995,1884.87,40.027637192979455,-105.30121771618724,8117210422
2022-01-14T16:05:01Z,1174.21,0.998,132,44,996,1884.87,40.02763828262687,-105.30122014693916,8117210422
2022-01-14T16:05:02Z,1174.5,0.989,132,44,997,1884.87,40.027641048654914,-105.3012213204056,8117210422
2022-01-14T16:05:03Z,1175.54,0.896,133,44,998,1884.87,40.02765068784356,-105.30122115276754,8117210422
2022-01-14T16:05:04Z,1176.87,0.83,133,44,999,1885.68,40.027662590146065,-105.30122148804367,8117210422
2022-01-14T16:05:05Z,1177.7,0.83,133,44,1000,1885.68,40.02766979858279,-105.30122467316687,8117210422
2022-01-14T16:05:06Z,1178.27,0.858,133,44,1001,1885.68,40.02767440862954,-105.30122752301395,8117210422
2022-01-14T16:05:07Z,1178.48,0.858,134,0,1002,1885.68,40.027675833553076,-105.30122961848974,8117210422
2022-01-14T16:05:08Z,1179.23,0.84,134,0,1003,1885.68,40.027682622894645,-105.301230289042,8117210422
2022-01-14T16:05:09Z,1179.93,0.793,134,0,1004,1885.68,40.027688993141055,-105.30123062431812,8117210422
2022-01-14T16:05:10Z,1180.72,0.774,135,0,1005,1886.43,40.0276954472065,-105.30123464763165,8117210422
2022-01-14T16:05:11Z,1181.86,0.765,136,0,1006,1886.43,40.0277055054903,-105.30123749747872,8117210422
2022-01-14T16:05:12Z,1183.07,0.765,136,0,1007,1886.43,40.027716318145394,-105.30123909004033,8117210422
2022-01-14T16:05:13Z,1184.13,0.802,136,0,1008,1886.43,40.02772604115307,-105.30123649165034,8117210422
2022-01-14T16:05:14Z,1185.16,0.84,136,0,1009,1887.64,40.02773526124656,-105.30123833566904,8117210422
2022-01-14T16:05:15Z,1185.96,0.868,137,0,1010,1887.64,40.027742218226194,-105.3012403473258,8117210422
2022-01-14T16:05:16Z,1186.93,0.886,137,0,1011,1887.64,40.027751019224524,-105.30124118551612,8117210422
2022-01-14T16:05:17Z,1187.92,0.886,137,0,1012,1887.64,40.02775948494673,-105.30124470591545,8117210422
2022-01-14T16:05:18Z,1188.78,0.896,138,0,1013,1888.91,40.02776694484055,-105.30124772340059,8117210422
2022-01-14T16:05:19Z,1190.08,0.896,137,57,1014,1888.91,40.027778847143054,-105.30124546028674,8117210422
2022-01-14T16:05:20Z,1190.88,0.905,138,57,1015,1888.91,40.027786223217845,-105.30124336481094,8117210422
2022-01-14T16:05:21Z,1191.97,0.924,138,57,1016,1888.91,40.027796030044556,-105.30124395154417,8117210422
2022-01-14T16:05:22Z,1192.43,0.924,138,57,1017,1889.57,40.027798963710666,-105.30125040560961,8117210422
2022-01-14T16:05:23Z,1193.08,0.933,139,54,1018,1888.67,40.02780441194773,-105.30125333927572,8117210422
2022-01-14T16:05:24Z,1194.1,0.933,139,54,1019,1888.67,40.027812626212835,-105.30125929042697,8117210422
2022-01-14T16:05:25Z,1195.44,0.933,140,54,1020,1888.67,40.02782461233437,-105.30126272700727,8117210422
2022-01-14T16:05:26Z,1196.81,0.942,140,54,1021,1888.49,40.02783576026559,-105.30126960016787,8117210422
2022-01-14T16:05:27Z,1198.05,0.98,140,54,1022,1888.49,40.0278455670923,-105.3012765571475,8117210422
2022-01-14T16:05:28Z,1199.24,1.008,140,54,1023,1888.49,40.02785495482385,-105.30128326267004,8117210422
2022-01-14T16:05:29Z,1200.59,1.026,140,54,1024,1889.45,40.02786501310766,-105.3012923989445,8117210422
2022-01-14T16:05:30Z,1201.96,1.036,140,54,1025,1889.19,40.027874233201146,-105.3013029601425,8117210422
2022-01-14T16:05:31Z,1203.13,1.054,139,54,1026,1889.19,40.02788236364722,-105.30131167732179,8117210422
2022-01-14T16:05:32Z,1203.92,1.073,139,54,1027,1889.19,40.027887392789125,-105.30131821520627,8117210422
2022-01-14T16:05:33Z,1204.75,1.073,138,54,1028,1890.61,40.027891835197806,-105.30132642947137,8117210422
2022-01-14T16:05:34Z,1205.6,1.064,138,54,1029,1890.61,40.027896696701646,-105.30133414082229,8117210422
2022-01-14T16:05:35Z,1206.32,1.054,138,54,1030,1890.61,40.02790113911033,-105.30134034343064,8117210422
2022-01-14T16:05:36Z,1207.29,1.036,136,54,1031,1890.1,40.02790625207126,-105.30134956352413,8117210422
2022-01-14T16:05:37Z,1207.98,1.017,136,54,1032,1890.1,40.027910862118006,-105.30135492794216,8117210422
2022-01-14T16:05:38Z,1208.59,1.008,135,79,1033,1891.5,40.02791463397443,-105.30136020854115,8117210422
2022-01-14T16:05:39Z,1209.36,0.989,135,79,1034,1891.5,40.027918573468924,-105.30136766843498,8117210422
2022-01-14T16:05:40Z,1210.19,0.868,135,79,1035,1891.5,40.027922093868256,-105.30137621797621,8117210422
2022-01-14T16:05:41Z,1210.85,0.868,135,79,1036,1891.5,40.02792519517243,-105.30138292349875,8117210422
2022-01-14T16:05:42Z,1211.59,0.868,135,79,1037,1891.5,40.02792921848595,-105.30138988047838,8117210422
2022-01-14T16:05:43Z,1212.43,0.868,136,42,1038,1893.02,40.027932822704315,-105.30139851383865,8117210422
2022-01-14T16:05:44Z,1213.4,0.868,136,42,1039,1893.02,40.027938606217504,-105.30140714719892,8117210422
2022-01-14T16:05:45Z,1213.84,0.868,136,42,1040,1892.64,40.02794028259814,-105.30141209252179,8117210422
2022-01-14T16:05:46Z,1214.38,0.868,135,0,1041,1892.64,40.02794480882585,-105.3014150261879,8117210422
2022-01-14T16:05:47Z,1214.73,0.728,136,0,1042,1892.64,40.02794723957777,-105.30141745693982,8117210422
2022-01-14T16:05:48Z,1215.35,0.662,135,0,1043,1892.64,40.02795252017677,-105.30142047442496,8117210422
2022-01-14T16:05:49Z,1215.94,0.597,136,0,1044,1892.64,40.027957297861576,-105.30142424628139,8117210422
2022-01-14T16:05:50Z,1217.13,0.597,136,0,1045,1894.77,40.02796727232635,-105.30143153853714,8117210422
2022-01-14T16:05:51Z,1217.78,0.597,136,0,1046,1894.77,40.02797112800181,-105.3014374896884,8117210422
2022-01-14T16:05:52Z,1218.61,0.672,136,0,1047,1894.77,40.027973307296634,-105.30144696123898,8117210422
2022-01-14T16:05:53Z,1219.17,0.681,136,0,1048,1894.39,40.02797456458211,-105.30145349912345,8117210422
2022-01-14T16:05:54Z,1219.62,0.69,136,0,1049,1894.39,40.02797590568662,-105.30145852826536,8117210422
2022-01-14T16:05:55Z,1220.1,0.69,136,0,1050,1896.93,40.02797800116241,-105.30146364122629,8117210422
2022-01-14T16:05:56Z,1220.7,0.662,136,0,1051,1896.93,40.02798101864755,-105.30146934092045,8117210422
2022-01-14T16:05:57Z,1221.47,0.653,137,0,1052,1896.93,40.027986550703645,-105.3014750406146,8117210422
2022-01-14T16:05:58Z,1222.1,0.653,137,0,1053,1896.93,40.02798487432301,-105.30148291960359,8117210422
2022-01-14T16:05:59Z,1222.64,0.653,137,0,1054,1896.93,40.02798445522785,-105.30148937366903,8117210422
2022-01-14T16:06:00Z,1223.23,0.653,137,0,1055,1896.93,40.02798956818879,-105.30149356462061,8117210422
2022-01-14T16:06:01Z,1223.94,0.653,137,0,1056,1899.03,40.027993340045214,-105.30150035396218,8117210422
2022-01-14T16:06:02Z,1224.61,0.653,137,0,1057,1899.03,40.028001219034195,-105.30150010250509,8117210422
2022-01-14T16:06:03Z,1225.6,0.653,137,0,1058,1899.03,40.02800834365189,-105.30150714330375,8117210422
2022-01-14T16:06:04Z,1226.23,0.653,136,0,1059,1898.34,40.02800926566124,-105.30151569284499,8117210422
2022-01-14T16:06:05Z,1226.96,0.672,135,0,1060,1898.34,40.02801119349897,-105.30152432620525,8117210422
2022-01-14T16:06:06Z,1227.38,0.672,135,0,1061,1899.03,40.02800817601383,-105.30153161846101,8117210422
2022-01-14T16:06:07Z,1227.87,0.672,135,0,1062,1900.6,40.02800532616675,-105.30153857544065,8117210422
2022-01-14T16:06:08Z,1228.43,0.672,136,0,1063,1900.6,40.02800297923386,-105.30154570005834,8117210422
2022-01-14T16:06:09Z,1229.15,0.672,136,0,1064,1900.6,40.02800147049129,-105.30155433341861,8117210422
2022-01-14T16:06:10Z,1229.81,0.672,136,0,1065,1900.6,40.02800499089062,-105.30156095512211,8117210422
2022-01-14T16:06:11Z,1230.33,0.672,136,0,1066,1900.6,40.028009014204144,-105.30156481079757,8117210422
2022-01-14T16:06:12Z,1231.03,0.672,136,0,1067,1901.32,40.02801370806992,-105.3015704266727,8117210422
2022-01-14T16:06:13Z,1232,0.672,136,58,1068,1901.32,40.0280199944973,-105.30157838948071,8117210422
2022-01-14T16:06:14Z,1232.78,0.681,136,58,1069,1901.32,40.02802493982017,-105.30158492736518,8117210422
2022-01-14T16:06:15Z,1233.61,0.681,136,58,1070,1901.32,40.02803114242852,-105.30159062705934,8117210422
2022-01-14T16:06:16Z,1234.44,0.69,136,58,1071,1901.32,40.0280371773988,-105.30159624293447,8117210422
2022-01-14T16:06:17Z,1235.01,0.7,136,0,1072,1901.32,40.02804136835039,-105.30160035006702,8117210422
2022-01-14T16:06:18Z,1235.34,0.7,136,0,1073,1902.58,40.02804346382618,-105.3016031999141,8117210422
2022-01-14T16:06:19Z,1235.91,0.7,135,0,1074,1902.23,40.02804941497743,-105.30160378664732,8117210422
2022-01-14T16:06:20Z,1236.92,0.69,135,0,1075,1902.23,40.02805880270898,-105.30160311609507,8117210422
2022-01-14T16:06:21Z,1237.73,0.69,134,0,1076,1902.23,40.02806609496474,-105.30160403810441,8117210422
2022-01-14T16:06:22Z,1239.11,0.69,134,0,1077,1902.23,40.02807850018144,-105.30160437338054,8117210422
2022-01-14T16:06:23Z,1240.2,0.7,134,0,1078,1901.85,40.02808839082718,-105.30160445719957,8117210422
2022-01-14T16:06:24Z,1241.23,0.728,134,0,1079,1901.85,40.02809710800648,-105.30160906724632,8117210422
2022-01-14T16:06:25Z,1242.19,0.728,135,0,1080,1901.85,40.02810490317643,-105.30161434784532,8117210422
2022-01-14T16:06:26Z,1243.64,0.737,135,0,1081,1901.48,40.028117476031184,-105.30161904171109,8117210422
2022-01-14T16:06:27Z,1244.79,0.737,135,0,1082,1901.48,40.0281270314008,-105.301624070853,8117210422
2022-01-14T16:06:28Z,1245.85,0.756,135,0,1083,1901.48,40.028134575113654,-105.30163220129907,8117210422
2022-01-14T16:06:29Z,1246.95,0.765,135,0,1084,1903.05,40.028142370283604,-105.30164016410708,8117210422
2022-01-14T16:06:30Z,1248.04,0.765,135,0,1085,1903.05,40.02814890816808,-105.30164988711476,8117210422
2022-01-14T16:06:31Z,1248.7,0.793,134,0,1086,1902.74,40.028151674196124,-105.30165709555149,8117210422
2022-01-14T16:06:32Z,1249.35,0.802,134,0,1087,1902.74,40.028154104948044,-105.30166422016919,8117210422
2022-01-14T16:06:33Z,1250.08,0.802,134,0,1088,1903.98,40.02815678715706,-105.30167226679623,8117210422
2022-01-14T16:06:34Z,1251.17,0.802,134,0,1089,1903.98,40.02816231921315,-105.3016827441752,8117210422
2022-01-14T16:06:35Z,1252.38,0.802,134,58,1090,1903.98,40.028169276192784,-105.30169372446835,8117210422
2022-01-14T16:06:36Z,1253.18,0.812,134,58,1091,1903.98,40.028174724429846,-105.30170017853379,8117210422
2022-01-14T16:06:37Z,1254.05,0.83,134,0,1092,1903.98,40.02818176522851,-105.30170537531376,8117210422
2022-01-14T16:06:38Z,1255.26,0.84,134,0,1093,1904.62,40.02819157205522,-105.3017120808363,8117210422
2022-01-14T16:06:39Z,1256.18,0.84,135,0,1094,1904.62,40.028197187930346,-105.30171995982528,8117210422
2022-01-14T16:06:40Z,1256.92,0.849,134,0,1095,1904.62,40.02820263616741,-105.30172498896718,8117210422
2022-01-14T16:06:41Z,1257.37,0.858,134,0,1096,1904.62,40.02820414490998,-105.30173052102327,8117210422
2022-01-14T16:06:42Z,1257.96,0.858,134,0,1097,1904.62,40.02820758149028,-105.30173596926033,8117210422
2022-01-14T16:06:43Z,1259.13,0.84,133,0,1098,1904.62,40.0282168854028,-105.30174217186868,8117210422
2022-01-14T16:06:44Z,1260.21,0.849,133,0,1099,1905.6,40.02822509966791,-105.30174912884831,8117210422
2022-01-14T16:06:45Z,1261.07,0.849,132,0,1100,1905.6,40.02823264338076,-105.30175214633346,8117210422
2022-01-14T16:06:46Z,1261.8,0.858,133,0,1101,1905.6,40.02823859453201,-105.30175583437085,8117210422
2022-01-14T16:06:47Z,1262.98,0.858,131,0,1102,1905.6,40.028249491006136,-105.3017567563802,8117210422
2022-01-14T16:06:48Z,1264.13,0.858,132,0,1103,1905.6,40.02825980074704,-105.30175826512277,8117210422
2022-01-14T16:06:49Z,1265.15,0.868,131,0,1104,1905.6,40.02826826646924,-105.3017633780837,8117210422
2022-01-14T16:06:50Z,1266.07,0.877,131,0,1105,1905.6,40.02827547490597,-105.3017689101398,8117210422
2022-01-14T16:06:51Z,1266.85,0.886,131,0,1106,1905.6,40.02828150987625,-105.30177360400558,8117210422
2022-01-14T16:06:52Z,1267.81,0.886,131,0,1107,1907.25,40.02828913740814,-105.30177888460457,8117210422
2022-01-14T16:06:53Z,1268.94,0.896,131,0,1108,1907.36,40.02829810604453,-105.30178550630808,8117210422
2022-01-14T16:06:54Z,1269.95,0.896,131,0,1109,1907.36,40.02830598503351,-105.30179154127836,8117210422
2022-01-14T16:06:55Z,1270.54,0.905,130,0,1110,1907.36,40.02830841578543,-105.30179816298187,8117210422
2022-01-14T16:06:56Z,1271.6,0.905,130,0,1111,1907.36,40.02831503748894,-105.30180713161826,8117210422
2022-01-14T16:06:57Z,1272.46,0.905,130,0,1112,1909.1,40.02832107245922,-105.3018135856837,8117210422
2022-01-14T16:06:58Z,1272.47,0.905,130,0,1113,1907.36,40.02832266502082,-105.30180973000824,8117210422
2022-01-14T16:06:59Z,1272.89,0.905,130,0,1114,1907.34,40.028325766325,-105.30181266367435,8117210422
2022-01-14T16:07:00Z,1274.08,0.877,130,0,1115,1909.08,40.0283360760659,-105.30181718990207,8117210422
2022-01-14T16:07:01Z,1275.17,0.858,130,43,1116,1909.08,40.028344709426165,-105.30182364396751,8117210422
2022-01-14T16:07:02Z,1276.2,0.858,130,43,1117,1909.08,40.02835082821548,-105.301832864061,8117210422
2022-01-14T16:07:03Z,1277.25,0.886,130,43,1118,1909.08,40.0283585395664,-105.30183990485966,8117210422
2022-01-14T16:07:04Z,1278.41,0.905,130,43,1119,1908.96,40.02836792729795,-105.30184610746801,8117210422
2022-01-14T16:07:05Z,1279.47,1.064,131,43,1120,1910.74,40.02837614156306,-105.30185256153345,8117210422
2022-01-14T16:07:06Z,1280.35,1.101,131,48,1121,1910.74,40.02838226035237,-105.3018590155989,8117210422
2022-01-14T16:07:07Z,1281.2,1.101,131,48,1122,1910.74,40.028387792408466,-105.30186597257853,8117210422
2022-01-14T16:07:08Z,1281.96,0.97,132,48,1123,1910.74,40.028393659740686,-105.3018709179014,8117210422
2022-01-14T16:07:09Z,1282.43,0.924,132,48,1124,1910.67,40.02839625813067,-105.30187611468136,8117210422
2022-01-14T16:07:10Z,1282.8,0.821,132,58,1125,1910.67,40.028398521244526,-105.3018796350807,8117210422
2022-01-14T16:07:11Z,1283.24,0.7,132,58,1126,1912.62,40.028400449082255,-105.3018844127655,8117210422
2022-01-14T16:07:12Z,1283.86,0.616,132,58,1127,1912.62,40.028403298929334,-105.30189061537385,8117210422
2022-01-14T16:07:13Z,1284.27,0.616,131,58,1128,1912.62,40.02840472385287,-105.30189505778253,8117210422
2022-01-14T16:07:14Z,1284.86,0.616,130,58,1129,1912.62,40.028409250080585,-105.30189916491508,8117210422
2022-01-14T16:07:15Z,1285.45,0.625,130,58,1130,1912.62,40.028414614498615,-105.3019020985812,8117210422
2022-01-14T16:07:16Z,1286.36,0.625,129,58,1131,1912.62,40.02842282876372,-105.30190519988537,8117210422
2022-01-14T16:07:17Z,1287.23,0.634,130,58,1132,1912.62,40.028429199010134,-105.30191115103662,8117210422
2022-01-14T16:07:18Z,1287.87,0.662,130,58,1133,1912.67,40.0284325517714,-105.3019176889211,8117210422
2022-01-14T16:07:19Z,1288.74,0.7,130,58,1134,1914.62,40.028437077999115,-105.3019261546433,8117210422
2022-01-14T16:07:20Z,1289.43,0.709,131,58,1135,1914.62,40.02844068221748,-105.30193269252777,8117210422
2022-01-14T16:07:21Z,1290.1,0.728,131,58,1136,1914.62,40.0284431129694,-105.3019401524216,8117210422
2022-01-14T16:07:22Z,1291.03,0.737,132,58,1137,1914.62,40.028449231758714,-105.30194761231542,8117210422
2022-01-14T16:07:23Z,1291.6,0.756,133,74,1138,1914.62,40.0284534227103,-105.30195163562894,8117210422
2022-01-14T16:07:24Z,1291.97,0.756,133,74,1139,1916.32,40.02845593728125,-105.30195448547602,8117210422
2022-01-14T16:07:25Z,1292.71,0.756,134,74,1140,1916.32,40.02846255898476,-105.30195641331375,8117210422
2022-01-14T16:07:26Z,1293.09,0.718,135,74,1141,1916.32,40.0284653250128,-105.3019589278847,8117210422
2022-01-14T16:07:27Z,1293.58,0.653,135,74,1142,1916.49,40.02846549265087,-105.3019658010453,8117210422
2022-01-14T16:07:28Z,1294.25,0.662,134,74,1143,1916.49,40.02846700139344,-105.30197359621525,8117210422
2022-01-14T16:07:29Z,1295.36,0.662,134,58,1144,1916.32,40.028465408831835,-105.30198725871742,8117210422
2022-01-14T16:07:30Z,1295.73,0.765,134,58,1145,1917.75,40.02846524119377,-105.30199212022126,8117210422
2022-01-14T16:07:31Z,1296.19,0.765,133,58,1146,1917.75,40.028460966423154,-105.30199228785932,8117210422
2022-01-14T16:07:32Z,1296.96,0.728,133,58,1147,1917.75,40.02845794893801,-105.30200075358152,8117210422
2022-01-14T16:07:33Z,1297.57,0.728,133,58,1148,1917.75,40.02846130169928,-105.3020070400089,8117210422
2022-01-14T16:07:34Z,1298.09,0.672,133,58,1149,1917.75,40.02846406772733,-105.3020120691508,8117210422
2022-01-14T16:07:35Z,1299.07,0.662,133,58,1150,1918.08,40.028472281992435,-105.30201626010239,8117210422
2022-01-14T16:07:36Z,1299.83,0.662,133,58,1151,1918.08,40.02847881987691,-105.30201106332242,8117210422
2022-01-14T16:07:37Z,1300.63,0.728,134,58,1152,1918.08,40.02848611213267,-105.3020107280463,8117210422
2022-01-14T16:07:38Z,1302.44,0.765,135,58,1153,1918.17,40.02850228920579,-105.30200771056116,8117210422
2022-01-14T16:07:39Z,1303.25,0.774,135,58,1154,1918.17,40.028509330004454,-105.30200536362827,8117210422
2022-01-14T16:07:40Z,1303.99,0.84,136,58,1155,1918.17,40.02851603552699,-105.30200645327568,8117210422
2022-01-14T16:07:41Z,1304.76,0.858,136,0,1156,1918.17,40.02852181904018,-105.30201156623662,8117210422
2022-01-14T16:07:42Z,1305.19,0.858,137,0,1157,1918.17,40.02852517180145,-105.3020155057311,8117210422
2022-01-14T16:07:43Z,1305.76,0.858,138,0,1158,1918.17,40.02852760255337,-105.30202137306333,8117210422
2022-01-14T16:07:44Z,1307.02,0.84,138,0,1159,1919.79,40.028532296419144,-105.30203486792743,8117210422
2022-01-14T16:07:45Z,1308,0.84,139,0,1160,1919.92,40.02853707410395,-105.30204459093511,8117210422
2022-01-14T16:07:46Z,1308.65,0.877,138,0,1161,1919.92,40.02853740938008,-105.30205305665731,8117210422
2022-01-14T16:07:47Z,1309.59,0.886,138,0,1162,1919.92,40.02854570746422,-105.30205615796149,8117210422
2022-01-14T16:07:48Z,1311.01,0.886,138,0,1163,1921.67,40.02855802886188,-105.30206101946533,8117210422
2022-01-14T16:07:49Z,1311.89,0.886,137,0,1164,1921.67,40.028565656393766,-105.3020641207695,8117210422
2022-01-14T16:07:50Z,1312.54,0.905,138,0,1165,1921.67,40.02857068553567,-105.30206806026399,8117210422
2022-01-14T16:07:51Z,1313.38,0.905,138,0,1166,1921.85,40.02857864834368,-105.30206470750272,8117210422
2022-01-14T16:07:52Z,1314.26,0.896,138,0,1167,1921.85,40.02858677878976,-105.30206487514079,8117210422
2022-01-14T16:07:53Z,1315.05,0.896,139,58,1168,1921.85,40.02859365195036,-105.30206747353077,8117210422
2022-01-14T16:07:54Z,1316.32,0.896,138,58,1169,1921.85,40.02860505133867,-105.30206806026399,8117210422
2022-01-14T16:07:55Z,1318.39,0.896,138,58,1170,1921.95,40.02862365916371,-105.30206738971174,8117210422
2022-01-14T16:07:56Z,1319.84,0.914,138,58,1171,1921.95,40.02863681875169,-105.3020696528256,8117210422
2022-01-14T16:07:57Z,1321.27,0.952,138,58,1172,1921.99,40.02864888869226,-105.302076023072,8117210422
2022-01-14T16:07:58Z,1322.69,1.017,139,58,1173,1921.99,40.02866012044251,-105.30208406969905,8117210422
2022-01-14T16:07:59Z,1323.94,1.446,139,58,1174,1921.99,40.028670681640506,-105.30208960175514,8117210422
2022-01-14T16:08:00Z,1325.05,1.446,139,58,1175,1922.01,40.02868065610528,-105.30208876356483,8117210422
2022-01-14T16:08:01Z,1325.92,1.372,139,58,1176,1922.01,40.0286883674562,-105.30209010466933,8117210422
2022-01-14T16:08:02Z,1326.6,1.129,138,58,1177,1923.83,40.02869398333132,-105.3020937088877,8117210422
2022-01-14T16:08:03Z,1327.37,1.082,137,58,1178,1923.83,40.0287002697587,-105.30209798365831,8117210422
2022-01-14T16:08:04Z,1328.2,1.082,138,58,1179,1923.83,40.02869985066354,-105.30210795812309,8117210422
2022-01-14T16:08:05Z,1329.14,1.008,137,58,1180,1923.83,40.02869515679777,-105.30211768113077,8117210422
2022-01-14T16:08:06Z,1329.56,1.008,137,58,1181,1923.83,40.02869398333132,-105.3021225426346,8117210422
2022-01-14T16:08:07Z,1329.85,0.961,136,0,1182,1923.83,40.028695575892925,-105.30212547630072,8117210422
2022-01-14T16:08:08Z,1330.29,0.728,136,0,1183,1925.49,40.028694150969386,-105.30213067308068,8117210422
2022-01-14T16:08:09Z,1330.32,0.569,136,0,1184,1925.49,40.028691636398435,-105.30212933197618,8117210422
2022-01-14T16:08:10Z,1330.44,0.532,135,0,1185,1925.49,40.028691133484244,-105.30213092453778,8117210422
2022-01-14T16:08:11Z,1330.91,0.504,135,0,1186,1925.49,40.028695492073894,-105.30213234946132,8117210422
2022-01-14T16:08:12Z,1331.71,0.476,135,0,1187,1925.49,40.02870253287256,-105.30213452875614,8117210422
2022-01-14T16:08:13Z,1332.16,0.476,133,0,1188,1925.49,40.028706304728985,-105.3021365404129,8117210422
2022-01-14T16:08:14Z,1332.8,0.513,133,0,1189,1925.9,40.02871141768992,-105.30214006081223,8117210422
2022-01-14T16:08:15Z,1333.55,0.523,133,0,1190,1925.9,40.028717620298266,-105.3021436650306,8117210422
2022-01-14T16:08:16Z,1334.2,0.523,133,0,1191,1925.9,40.02872256562114,-105.30214760452509,8117210422
2022-01-14T16:08:17Z,1334.77,0.541,134,0,1192,1925.9,40.02872751094401,-105.30215003527701,8117210422
2022-01-14T16:08:18Z,1335.52,0.551,135,0,1193,1925.9,40.028733210638165,-105.30215464532375,8117210422
2022-01-14T16:08:19Z,1336.21,0.551,135,0,1194,1925.9,40.02873798832297,-105.30216009356081,8117210422
2022-01-14T16:08:20Z,1336.91,0.569,136,0,1195,1927.62,40.028743352741,-105.30216445215046,8117210422
2022-01-14T16:08:21Z,1338.27,0.579,136,0,1196,1927.91,40.028753243386745,-105.30217400752008,8117210422
2022-01-14T16:08:22Z,1339.38,0.588,137,0,1197,1927.91,40.02876187674701,-105.30218088068068,8117210422
2022-01-14T16:08:23Z,1340.32,0.625,138,0,1198,1927.91,40.02876866608858,-105.30218750238419,8117210422
2022-01-14T16:08:24Z,1341.14,0.644,138,0,1199,1927.91,40.02877553924918,-105.30219102278352,8117210422
2022-01-14T16:08:25Z,1341.51,0.672,139,0,1200,1927.91,40.02877855673432,-105.30219353735447,8117210422
2022-01-14T16:08:26Z,1341.94,0.681,139,0,1201,1927.74,40.02878241240978,-105.30219496227801,8117210422
2022-01-14T16:08:27Z,1342.44,0.149,138,0,1202,1927.74,40.0287866871804,-105.30219672247767,8117210422
2022-01-14T16:08:28Z,1343.11,0.131,138,0,1203,1929.28,40.028791883960366,-105.3022007457912,8117210422
2022-01-14T16:08:29Z,1343.7,0.131,137,0,1204,1929.28,40.02879557199776,-105.30220585875213,8117210422
2022-01-14T16:08:30Z,1344.28,0.121,137,0,1205,1929.28,40.028798170387745,-105.30221214517951,8117210422
2022-01-14T16:08:31Z,1344.89,0.112,138,0,1206,1929.28,40.028801606968045,-105.3022176772356,8117210422
2022-01-14T16:08:32Z,1345.58,0.112,137,0,1207,1929.28,40.028805043548346,-105.30222438275814,8117210422
2022-01-14T16:08:33Z,1345.99,0.112,137,0,1208,1929.28,40.02880722284317,-105.30222832225263,8117210422
2022-01-14T16:08:34Z,1346.67,0.112,137,0,1209,1930.76,40.02881049178541,-105.30223544687033,8117210422
2022-01-14T16:08:35Z,1347.74,0.121,137,0,1210,1930.63,40.028819125145674,-105.30224123038352,8117210422
2022-01-14T16:08:36Z,1348.77,0.131,137,0,1211,1930.63,40.028828009963036,-105.3022475168109,8117210422
2022-01-14T16:08:37Z,1349.53,0.83,137,0,1212,1930.63,40.02883303910494,-105.30225346796215,8117210422
2022-01-14T16:08:38Z,1350.34,0.83,137,0,1213,1930.63,40.02883840352297,-105.30226000584662,8117210422
2022-01-14T16:08:39Z,1350.95,0.774,137,0,1214,1930.63,40.02884334884584,-105.30226411297917,8117210422
2022-01-14T16:08:40Z,1351.97,0.765,137,0,1215,1930.55,40.02885181456804,-105.30226897448301,8117210422
2022-01-14T16:08:41Z,1353.09,0.774,138,0,1216,1932.13,40.02886036410928,-105.30227593146265,8117210422
2022-01-14T16:08:42Z,1353.28,0.793,138,0,1217,1932.13,40.028863213956356,-105.30227283015847,8117210422
2022-01-14T16:08:43Z,1353.66,0.793,137,0,1218,1932.13,40.02886732108891,-105.3022745065391,8117210422
2022-01-14T16:08:44Z,1353.7,0.625,138,0,1219,1932.13,40.02886815927923,-105.30227693729103,8117210422
2022-01-14T16:08:45Z,1353.83,0.606,137,0,1220,1932.13,40.02886933274567,-105.30227861367166,8117210422
2022-01-14T16:08:46Z,1354.06,0.177,137,0,1221,1932.13,40.02887134440243,-105.30227961950004,8117210422
2022-01-14T16:08:47Z,1354.27,0.177,138,0,1222,1932.13,40.02887327224016,-105.30228087678552,8117210422
2022-01-14T16:08:48Z,1354.43,0.093,137,0,1223,1932.13,40.02887427806854,-105.30227961950004,8117210422
2022-01-14T16:08:49Z,1354.54,0.065,137,0,1224,1932.13,40.028874948620796,-105.30227861367166,8117210422
2022-01-14T16:08:50Z,1354.57,0.056,136,0,1225,1932.13,40.02887561917305,-105.3022784460336,8117210422
2022-01-14T16:08:51Z,1354.64,0.047,135,0,1226,1932.13,40.02887670882046,-105.30227928422391,8117210422
2022-01-14T16:08:52Z,1354.78,0.037,134,0,1227,1932.13,40.028876373544335,-105.30227735638618,8117210422
2022-01-14T16:08:53Z,1354.87,0.028,133,0,1228,1932.13,40.02887545153499,-105.30227702111006,8117210422
2022-01-14T16:08:54Z,1354.98,0.028,132,0,1229,1932.13,40.028874445706606,-105.30227710492909,8117210422
2022-01-14T16:08:55Z,1354.98,0.028,131,0,1230,1932.13,40.02887461334467,-105.30227676965296,8117210422
2022-01-14T16:08:56Z,1355.01,0.028,130,0,1231,1932.13,40.02887411043048,-105.30227727256715,8117210422
2022-01-14T16:08:57Z,1355.11,0.019,129,0,1232,1932.13,40.02887327224016,-105.30227811075747,8117210422
2022-01-14T16:08:58Z,1355.2,0.019,128,0,1233,1932.13,40.02887411043048,-105.30227953568101,8117210422
2022-01-14T16:08:59Z,1355.23,0.019,127,0,1234,1932.13,40.02887402661145,-105.30227995477617,8117210422
2022-01-14T16:09:00Z,1355.23,0.019,126,0,1235,1932.13,40.02887318842113,-105.30228054150939,8117210422
2022-01-14T16:09:01Z,1355.69,0.019,125,0,1236,1932.13,40.028876289725304,-105.30228422954679,8117210422
2022-01-14T16:09:02Z,1356.64,0.019,124,58,1237,1932.13,40.02888299524784,-105.30229127034545,8117210422
2022-01-14T16:09:03Z,1357.68,0.019,123,58,1238,1932.11,40.02889087423682,-105.30229797586799,8117210422
2022-01-14T16:09:04Z,1358.37,0.037,122,58,1239,1932.11,40.02889657393098,-105.30230116099119,8117210422
2022-01-14T16:09:05Z,1359.35,0.056,122,58,1240,1933.58,40.02890336327255,-105.30230862088501,8117210422
2022-01-14T16:09:06Z,1360.04,0.821,122,58,1241,1933.58,40.02890897914767,-105.30231222510338,8117210422
2022-01-14T16:09:07Z,1360.36,0.868,121,58,1242,1933.58,40.02891082316637,-105.30231524258852,8117210422
2022-01-14T16:09:08Z,1361.18,0.868,120,58,1243,1933.58,40.0289161875844,-105.30232186429203,8117210422
2022-01-14T16:09:09Z,1362.23,0.858,119,58,1244,1933.55,40.02892448566854,-105.30232789926231,8117210422
2022-01-14T16:09:10Z,1362.93,0.858,119,58,1245,1933.55,40.02892943099141,-105.30233309604228,8117210422
2022-01-14T16:09:11Z,1364.04,0.858,119,58,1246,1934.94,40.02893655560911,-105.30234223231673,8117210422
2022-01-14T16:09:12Z,1365.19,1.008,119,58,1247,1934.94,40.02894267439842,-105.30235321260989,8117210422
2022-01-14T16:09:13Z,1366.51,1.045,119,58,1248,1934.94,40.028951643034816,-105.30236343853176,8117210422
2022-01-14T16:09:14Z,1367.35,1.138,120,0,1249,1934.87,40.028959438204765,-105.30236695893109,8117210422
2022-01-14T16:09:15Z,1368.09,1.138,120,0,1250,1934.87,40.02896538935602,-105.30237081460655,8117210422
2022-01-14T16:09:16Z,1368.75,1.073,121,0,1251,1934.87,40.028972178697586,-105.30237056314945,8117210422
2022-01-14T16:09:17Z,1369.44,0.97,121,0,1252,1936.38,40.02897771075368,-105.30237441882491,8117210422
2022-01-14T16:09:18Z,1369.88,0.905,120,0,1253,1936.38,40.02897838130593,-105.30238112434745,8117210422
2022-01-14T16:09:19Z,1370.81,0.877,120,0,1254,1936.38,40.028983410447836,-105.30239042825997,8117210422
2022-01-14T16:09:20Z,1371.94,0.84,120,0,1255,1936.38,40.02899103797972,-105.3023992292583,8117210422
2022-01-14T16:09:21Z,1372.01,0.84,120,0,1256,1936.38,40.02899195998907,-105.30239881016314,8117210422
2022-01-14T16:09:22Z,1372.32,0.84,120,0,1257,1936.59,40.02899321727455,-105.30240283347666,8117210422
2022-01-14T16:09:23Z,1372.77,0.793,119,0,1258,1936.59,40.028994139283895,-105.30240903608501,8117210422
2022-01-14T16:09:24Z,1373.15,0.756,119,0,1259,1938.74,40.0289954803884,-105.30241364613175,8117210422
2022-01-14T16:09:25Z,1374.3,0.149,120,0,1260,1938.74,40.02900185063481,-105.30242429114878,8117210422
2022-01-14T16:09:26Z,1375.33,0.149,120,0,1261,1938.74,40.02900620922446,-105.30243510380387,8117210422
2022-01-14T16:09:27Z,1376.23,0.97,121,0,1262,1940.45,40.029008304700255,-105.30244650319219,8117210422
2022-01-14T16:09:28Z,1376.68,0.97,121,0,1263,1940.45,40.02900998108089,-105.30245161615312,8117210422
2022-01-14T16:09:29Z,1377.04,0.961,121,0,1264,1940.45,40.0290113221854,-105.30245547182858,8117210422
2022-01-14T16:09:30Z,1377.82,0.149,121,0,1265,1940.45,40.029017021879554,-105.30246125534177,8117210422
2022-01-14T16:09:31Z,1378.43,0.149,121,0,1266,1940.45,40.02901894971728,-105.3024682123214,8117210422
2022-01-14T16:09:32Z,1378.95,0.476,121,79,1267,1940.45,40.02902029082179,-105.30247441492975,8117210422
2022-01-14T16:09:33Z,1379.36,0.597,122,79,1268,1940.45,40.02902062609792,-105.30247952789068,8117210422
2022-01-14T16:09:34Z,1379.88,0.597,122,79,1269,1941.77,40.02902498468757,-105.3024819586426,8117210422
2022-01-14T16:09:35Z,1380.56,0.644,121,79,1270,1942.89,40.02902951091528,-105.30248732306063,8117210422
2022-01-14T16:09:36Z,1381.19,0.653,121,79,1271,1942.89,40.0290303491056,-105.30249629169703,8117210422
2022-01-14T16:09:37Z,1381.94,0.784,121,79,1272,1942.89,40.029032193124294,-105.30250475741923,8117210422
2022-01-14T16:09:38Z,1382,0.849,122,79,1273,1942.89,40.029031187295914,-105.30250668525696,8117210422
2022-01-14T16:09:39Z,1382.48,0.849,122,79,1274,1942.89,40.02903546206653,-105.30250878073275,8117210422
2022-01-14T16:09:40Z,1383.21,0.625,123,79,1275,1942.89,40.029041999951005,-105.3025097027421,8117210422
2022-01-14T16:09:41Z,1383.92,0.625,124,79,1276,1942.89,40.02904811874032,-105.30251204967499,8117210422
2022-01-14T16:09:42Z,1384.2,0.765,124,79,1277,1942.89,40.02904996275902,-105.302514731884,8117210422
2022-01-14T16:09:43Z,1384.65,0.765,124,79,1278,1944.25,40.02905381843448,-105.30251674354076,8117210422
2022-01-14T16:09:44Z,1385.42,0.662,123,79,1279,1944.25,40.02906027249992,-105.302520012483,8117210422
2022-01-14T16:09:45Z,1385.88,0.662,123,79,1280,1944.25,40.02906069159508,-105.30252671800554,8117210422
2022-01-14T16:09:46Z,1386.48,0.728,123,79,1281,1945.64,40.02906521782279,-105.30253074131906,8117210422
2022-01-14T16:09:47Z,1386.89,0.718,124,79,1282,1945.64,40.0290681514889,-105.30253359116614,8117210422
2022-01-14T16:09:48Z,1387.65,0.709,125,79,1283,1945.64,40.02907334826887,-105.30253937467933,8117210422
2022-01-14T16:09:49Z,1388.3,0.709,127,79,1284,1945.64,40.029078628867865,-105.30254264362156,8117210422
2022-01-14T16:09:50Z,1389.14,0.672,128,79,1285,1945.64,40.029085418209434,-105.30254691839218,8117210422
2022-01-14T16:09:51Z,1389.63,0.737,129,79,1286,1947.13,40.029088854789734,-105.30255127698183,8117210422
2022-01-14T16:09:52Z,1389.86,0.672,130,79,1287,1947.13,40.02909002825618,-105.30255421064794,8117210422
2022-01-14T16:09:53Z,1390.04,0.597,130,0,1288,1947.13,40.02909120172262,-105.30255605466664,8117210422
2022-01-14T16:09:54Z,1390.15,0.355,130,0,1289,1947.13,40.02909002825618,-105.30255655758083,8117210422
2022-01-14T16:09:55Z,1390.23,0.028,131,0,1290,1947.13,40.02908919006586,-105.30255697667599,8117210422
2022-01-14T16:09:56Z,1391.05,0.009,131,0,1291,1947.13,40.029086507856846,-105.30256586149335,8117210422
2022-01-14T16:09:57Z,1391.23,0.009,131,0,1292,1947.13,40.02908667549491,-105.3025681246072,8117210422
2022-01-14T16:09:58Z,1391.39,0.065,131,0,1293,1947.13,40.02908868715167,-105.30256896279752,8117210422
2022-01-14T16:09:59Z,1392.04,0.065,132,0,1294,1947.13,40.029092375189066,-105.30257508158684,8117210422
2022-01-14T16:10:00Z,1392.89,0.065,133,48,1295,1947.13,40.029095225036144,-105.3025842178613,8117210422
2022-01-14T16:10:01Z,1393.67,0.131,133,48,1296,1948.79,40.029101092368364,-105.30259025283158,8117210422
2022-01-14T16:10:02Z,1394.36,0.728,133,48,1297,1948.79,40.02910545095801,-105.30259603634477,8117210422
2022-01-14T16:10:03Z,1395.1,0.728,132,48,1298,1948.79,40.029111318290234,-105.30260031111538,8117210422
2022-01-14T16:10:04Z,1395.72,0.718,132,48,1299,1948.79,40.02911617979407,-105.30260374769568,8117210422
2022-01-14T16:10:05Z,1396.8,0.709,131,0,1300,1948.79,40.0291252322495,-105.30260869301856,8117210422
2022-01-14T16:10:06Z,1397.67,0.718,131,0,1301,1948.79,40.0291321054101,-105.30261363834143,8117210422
2022-01-14T16:10:07Z,1398.59,0.84,131,0,1302,1948.97,40.02913914620876,-105.30261925421655,8117210422
2022-01-14T16:10:08Z,1399.36,0.858,131,0,1303,1949.47,40.029144175350666,-105.30262562446296,8117210422
2022-01-14T16:10:09Z,1400.01,0.868,132,0,1304,1949.47,40.02914886921644,-105.30263040214777,8117210422
2022-01-14T16:10:10Z,1400.92,0.868,131,0,1305,1949.47,40.029156329110265,-105.30263476073742,8117210422
2022-01-14T16:10:11Z,1402.07,0.868,131,0,1306,1949.47,40.0291664712131,-105.30263794586062,8117210422
2022-01-14T16:10:12Z,1403.28,0.868,131,0,1307,1949.97,40.02917611040175,-105.30264481902122,8117210422
2022-01-14T16:10:13Z,1404.17,0.896,131,0,1308,1949.97,40.02918348647654,-105.30264875851572,8117210422
2022-01-14T16:10:14Z,1405.45,0.914,132,0,1309,1949.97,40.029195388779044,-105.3026492614299,8117210422
2022-01-14T16:10:15Z,1407.41,0.914,132,50,1310,1950.41,40.029213074594736,-105.30264758504927,8117210422
2022-01-14T16:10:16Z,1409.09,0.952,132,50,1311,1950.41,40.02922824583948,-105.30264783650637,8117210422
2022-01-14T16:10:17Z,1410.64,0.97,132,50,1312,1950.77,40.029241908341646,-105.30265152454376,8117210422
2022-01-14T16:10:18Z,1411.97,0.998,132,50,1313,1950.77,40.02925372682512,-105.30265470966697,8117210422
2022-01-14T16:10:19Z,1413.26,1.017,132,50,1314,1952.06,40.02926537767053,-105.30265538021922,8117210422
2022-01-14T16:10:20Z,1414.36,1.026,132,50,1315,1952.06,40.02927468158305,-105.30265999026597,8117210422
2022-01-14T16:10:21Z,1414.98,1.148,132,50,1316,1952.06,40.029280465096235,-105.302660074085,8117210422
2022-01-14T16:10:22Z,1416.07,1.157,132,50,1317,1952.06,40.029290188103914,-105.30266116373241,8117210422
2022-01-14T16:10:23Z,1417.39,1.017,132,50,1318,1952.06,40.02930209040642,-105.30266284011304,8117210422
2022-01-14T16:10:24Z,1418.33,1.017,132,50,1319,1951.95,40.02930988557637,-105.30266753397882,8117210422
2022-01-14T16:10:25Z,1419.05,1.064,131,50,1320,1951.95,40.029316088184714,-105.30267088674009,8117210422
2022-01-14T16:10:26Z,1419.92,1.064,131,50,1321,1951.95,40.02932354807854,-105.30267440713942,8117210422
2022-01-14T16:10:27Z,1420.89,0.942,131,50,1322,1951.95,40.02933209761977,-105.30267667025328,8117210422
2022-01-14T16:10:28Z,1422.59,0.942,131,50,1323,1952.08,40.02934718504548,-105.30267918482423,8117210422
2022-01-14T16:10:29Z,1424.24,0.942,131,50,1324,1952.08,40.029360596090555,-105.30268832109869,8117210422
2022-01-14T16:10:30Z,1425.48,1.008,131,0,1325,1953.45,40.02937140874565,-105.30269368551672,8117210422
2022-01-14T16:10:31Z,1426.39,1.138,131,0,1326,1953.45,40.029378114268184,-105.30270047485828,8117210422
2022-01-14T16:10:32Z,1426.98,1.138,131,0,1327,1954.14,40.029381634667516,-105.30270592309535,8117210422
2022-01-14T16:10:33Z,1427.38,1.129,132,0,1328,1954.14,40.02938414923847,-105.30270927585661,8117210422
2022-01-14T16:10:34Z,1428.09,1.064,131,58,1329,1954.14,40.029388424009085,-105.30271556228399,8117210422
2022-01-14T16:10:35Z,1428.86,0.98,132,58,1330,1954.14,40.02939311787486,-105.3027221839875,8117210422
2022-01-14T16:10:36Z,1429.6,0.952,132,60,1331,1956.03,40.029398147016764,-105.30272779986262,8117210422
2022-01-14T16:10:37Z,1430.27,0.933,131,60,1332,1956.03,40.02940493635833,-105.30272805131972,8117210422
2022-01-14T16:10:38Z,1430.89,0.924,131,60,1333,1956.03,40.02940971404314,-105.30273173935711,8117210422
2022-01-14T16:10:39Z,1431.49,0.905,131,58,1334,1957.14,40.02941407263279,-105.30273601412773,8117210422
2022-01-14T16:10:40Z,1432.18,0.877,131,58,1335,1957.14,40.029419688507915,-105.30273953452706,8117210422
2022-01-14T16:10:41Z,1432.82,0.858,130,58,1336,1957.14,40.02942488528788,-105.30274263583124,8117210422
2022-01-14T16:10:42Z,1433.59,0.84,130,58,1337,1957.14,40.029431506991386,-105.30274582095444,8117210422
2022-01-14T16:10:43Z,1434.33,0.83,130,55,1338,1957.14,40.02943812869489,-105.30274758115411,8117210422
2022-01-14T16:10:44Z,1434.94,0.83,130,55,1339,1957.14,40.02944231964648,-105.30275235883892,8117210422
2022-01-14T16:10:45Z,1435.12,0.821,130,55,1340,1957.14,40.02944433130324,-105.30275135301054,8117210422
2022-01-14T16:10:46Z,1435.55,0.793,131,55,1341,1957.14,40.029447600245476,-105.30275428667665,8117210422
2022-01-14T16:10:47Z,1436.05,0.644,131,55,1342,1958.64,40.029452377930284,-105.30275504104793,8117210422
2022-01-14T16:10:48Z,1436.68,0.616,132,55,1343,1958.64,40.02945908345282,-105.3027549572289,8117210422
2022-01-14T16:10:49Z,1437.29,0.616,132,55,1344,1958.64,40.02946310676634,-105.3027597349137,8117210422
2022-01-14T16:10:50Z,1438.02,0.644,132,58,1345,1960.03,40.029467549175024,-105.30276627279818,8117210422
2022-01-14T16:10:51Z,1438.72,0.644,132,58,1346,1960.03,40.029471488669515,-105.30277264304459,8117210422
2022-01-14T16:10:52Z,1439.25,0.662,133,58,1347,1960.03,40.029474925249815,-105.30277700163424,8117210422
2022-01-14T16:10:53Z,1440.04,0.662,133,58,1348,1960.03,40.02948213368654,-105.30277976766229,8117210422
2022-01-14T16:10:54Z,1440.58,0.672,133,58,1349,1961.12,40.029487665742636,-105.30277834273875,8117210422
2022-01-14T16:10:55Z,1440.88,0.662,132,58,1350,1961.12,40.02949043177068,-105.302779013291,8117210422
2022-01-14T16:10:56Z,1441.11,0.653,133,58,1351,1961.12,40.02949177287519,-105.30278177931905,8117210422
2022-01-14T16:10:57Z,1441.48,0.644,133,58,1352,1961.12,40.02949462272227,-105.30278412625194,8117210422
2022-01-14T16:10:58Z,1442.09,0.597,133,58,1353,1961.12,40.02949956804514,-105.30278714373708,8117210422
2022-01-14T16:10:59Z,1442.46,0.579,133,58,1354,1961.12,40.02950250171125,-105.30278923921287,8117210422
2022-01-14T16:11:00Z,1443.54,0.569,132,58,1355,1962.1,40.02950878813863,-105.30279896222055,8117210422
2022-01-14T16:11:01Z,1444.08,0.579,132,58,1356,1962.1,40.02951222471893,-105.30280348844826,8117210422
2022-01-14T16:11:02Z,1444.79,0.569,132,58,1357,1962.1,40.02951800823212,-105.30280726030469,8117210422
2022-01-14T16:11:03Z,1445.7,0.634,132,58,1358,1962.67,40.02952538430691,-105.30281195417047,8117210422
2022-01-14T16:11:04Z,1446.67,0.756,132,58,1359,1962.67,40.029534017667174,-105.30281455256045,8117210422
2022-01-14T16:11:05Z,1447.72,0.858,132,58,1360,1962.67,40.02954323776066,-105.30281773768365,8117210422
2022-01-14T16:11:06Z,1448.52,0.952,132,58,1361,1962.67,40.02954893745482,-105.30282360501587,8117210422
2022-01-14T16:11:07Z,1449.24,0.952,132,58,1362,1962.84,40.029555559158325,-105.30282502993941,8117210422
2022-01-14T16:11:08Z,1450.29,0.914,132,58,1363,1962.84,40.02956519834697,-105.30282637104392,8117210422
2022-01-14T16:11:09Z,1451.47,0.914,133,58,1364,1962.84,40.029575843364,-105.30282662250102,8117210422
2022-01-14T16:11:10Z,1452.78,0.933,133,58,1365,1962.84,40.029587829485536,-105.3028260357678,8117210422
2022-01-14T16:11:11Z,1454.03,0.998,134,58,1366,1962.7,40.029599061235785,-105.30282570049167,8117210422
2022-01-14T16:11:12Z,1455.33,1.026,135,58,1367,1962.7,40.02961062826216,-105.30282796360552,8117210422
2022-01-14T16:11:13Z,1456.4,1.045,135,58,1368,1963.45,40.02961984835565,-105.30283223837614,8117210422
2022-01-14T16:11:14Z,1457.35,1.064,135,58,1369,1963.38,40.02962797880173,-105.30283567495644,8117210422
2022-01-14T16:11:15Z,1458.46,1.064,136,58,1370,1963.38,40.02963694743812,-105.30284154228866,8117210422
2022-01-14T16:11:16Z,1459.57,1.054,136,58,1371,1963.38,40.02964407205582,-105.30285084620118,8117210422
2022-01-14T16:11:17Z,1460.21,1.054,136,58,1372,1963.38,40.0296485144645,-105.30285554006696,8117210422
2022-01-14T16:11:18Z,1461.13,1.054,135,58,1373,1963.38,40.02965237013996,-105.3028654307127,8117210422
2022-01-14T16:11:19Z,1462.22,1.017,135,58,1374,1964.13,40.02965396270156,-105.30287825502455,8117210422
2022-01-14T16:11:20Z,1462.97,1.008,134,58,1375,1964.13,40.02965454943478,-105.30288730747998,8117210422
2022-01-14T16:11:21Z,1463.3,1.008,134,0,1376,1964.13,40.029656225815415,-105.30289074406028,8117210422
2022-01-14T16:11:22Z,1463.49,0.998,134,0,1377,1964.13,40.02965505234897,-105.30289309099317,8117210422
2022-01-14T16:11:23Z,1464.13,0.952,133,0,1378,1964.13,40.02965345978737,-105.30290038324893,8117210422
2022-01-14T16:11:24Z,1464.2,0.886,132,0,1379,1964.13,40.02965262159705,-105.30290080234408,8117210422
2022-01-14T16:11:25Z,1464.26,0.858,132,0,1380,1964.57,40.029651867225766,-105.30290088616312,8117210422
2022-01-14T16:11:26Z,1464.35,0.028,132,0,1381,1964.57,40.0296519510448,-105.30290239490569,8117210422
2022-01-14T16:11:27Z,1464.52,0.019,131,0,1382,1964.57,40.02965396270156,-105.30290541239083,8117210422
2022-01-14T16:11:28Z,1465.02,0.019,131,0,1383,1964.57,40.02965840511024,-105.30291094444692,8117210422
2022-01-14T16:11:29Z,1465.9,0.019,130,0,1384,1965.26,40.02966519445181,-105.30291924253106,8117210422
2022-01-14T16:11:30Z,1466.66,0.019,130,0,1385,1965.26,40.029669888317585,-105.30292586423457,8117210422
2022-01-14T16:11:31Z,1467.53,0.131,129,0,1386,1965.26,40.02967642620206,-105.30293173156679,8117210422
2022-01-14T16:11:32Z,1468.34,0.131,129,0,1387,1965.6,40.029682628810406,-105.30293701216578,8117210422
2022-01-14T16:11:33Z,1468.96,0.149,129,0,1388,1965.6,40.02968757413328,-105.30294070020318,8117210422
2022-01-14T16:11:34Z,1469.31,0.149,129,0,1389,1965.6,40.029691429808736,-105.30293902382255,8117210422
2022-01-14T16:11:35Z,1470.19,0.112,129,0,1390,1966.05,40.02969905734062,-105.30293516814709,8117210422
2022-01-14T16:11:36Z,1470.19,0.112,129,0,1391,1966.59,40.02969863824546,-105.30293659307063,8117210422
2022-01-14T16:11:37Z,1471.05,0.103,128,0,1392,1966.05,40.02970567904413,-105.30293223448098,8117210422
2022-01-14T16:11:38Z,1472.19,0.131,126,0,1393,1966.05,40.02971573732793,-105.30292904935777,8117210422
2022-01-14T16:11:39Z,1472.85,0.131,125,0,1394,1966.05,40.02972185611725,-105.30293064191937,8117210422
2022-01-14T16:11:40Z,1474.01,0.131,124,0,1395,1966.53,40.02973216585815,-105.30293298885226,8117210422
2022-01-14T16:11:41Z,1475.46,0.616,124,0,1396,1967.29,40.029744151979685,-105.30294002965093,8117210422
2022-01-14T16:11:42Z,1476.31,0.952,125,0,1397,1967.29,40.02975085750222,-105.30294480733573,8117210422
2022-01-14T16:11:43Z,1477.36,0.952,126,0,1398,1967.29,40.029759826138616,-105.30294883064926,8117210422
2022-01-14T16:11:44Z,1478.95,0.98,128,0,1399,1967.47,40.02977306954563,-105.30295595526695,8117210422
2022-01-14T16:11:45Z,1480.25,0.98,128,0,1400,1967.47,40.02978161908686,-105.30296651646495,8117210422
2022-01-14T16:11:46Z,1481.96,1.138,129,0,1401,1968.16,40.029792515560985,-105.30298068188131,8117210422
2022-01-14T16:11:47Z,1483.46,1.194,130,0,1402,1968.3,40.02980005927384,-105.30299543403089,8117210422
2022-01-14T16:11:48Z,1484.63,1.316,132,0,1403,1968.76,40.02980500459671,-105.30300758779049,8117210422
2022-01-14T16:11:49Z,1486.13,1.353,132,0,1404,1968.76,40.029811123386025,-105.30302317813039,8117210422
2022-01-14T16:11:50Z,1487.66,1.381,134,58,1405,1968.76,40.02981523051858,-105.30304044485092,8117210422
2022-01-14T16:11:51Z,1488.84,1.381,134,58,1406,1968.67,40.02981489524245,-105.30305461026728,8117210422
2022-01-14T16:11:52Z,1490.42,1.381,134,58,1407,1968.67,40.02981623634696,-105.30307296663523,8117210422
2022-01-14T16:11:53Z,1492.13,1.39,134,58,1408,1968.15,40.0298192538321,-105.30309266410768,8117210422
2022-01-14T16:11:54Z,1494.29,1.39,135,58,1409,1967.36,40.02983048558235,-105.30311328358948,8117210422
2022-01-14T16:11:55Z,1496.77,1.437,134,58,1410,1968.57,40.029845321550965,-105.30313532799482,8117210422
2022-01-14T16:11:56Z,1499.25,1.474,135,86,1411,1967.84,40.0298591516912,-105.30315821059048,8117210422
2022-01-14T16:11:57Z,1501.32,1.558,135,86,1412,1967.84,40.02986895851791,-105.30317891389132,8117210422
2022-01-14T16:11:58Z,1503.4,1.913,135,87,1413,1968.69,40.029878094792366,-105.3032005392015,8117210422
2022-01-14T16:11:59Z,1505.89,1.987,134,87,1414,1968.05,40.02988429740071,-105.30322878621519,8117210422
2022-01-14T16:12:00Z,1508.92,2.081,134,88,1415,1967.56,40.02989360131323,-105.30326214618981,8117210422
2022-01-14T16:12:01Z,1511.65,2.239,133,88,1416,1967.3,40.02990374341607,-105.30329131521285,8117210422
2022-01-14T16:12:02Z,1513.91,2.781,133,91,1417,1968.44,40.029915226623416,-105.30331335961819,8117210422
2022-01-14T16:12:03Z,1515.92,2.781,133,91,1418,1968.29,40.029928302392364,-105.30332962051034,8117210422
2022-01-14T16:12:04Z,1517.49,2.566,133,91,1419,1968.29,40.02993928268552,-105.30334135517478,8117210422
2022-01-14T16:12:05Z,1518.75,2.417,133,91,1420,1969.28,40.02994867041707,-105.30334965325892,8117210422
2022-01-14T16:12:06Z,1519.84,2.258,133,91,1421,1969.41,40.02995654940605,-105.30335795134306,8117210422
2022-01-14T16:12:07Z,1520.69,2.099,133,91,1422,1969.41,40.02996183000505,-105.30336524359882,8117210422
2022-01-14T16:12:08Z,1521.77,1.903,134,91,1423,1969.41,40.02997163683176,-105.30336717143655,8117210422
2022-01-14T16:12:09Z,1522.87,1.4,135,91,1424,1970.4,40.02998135983944,-105.30337010510266,8117210422
2022-01-14T16:12:10Z,1523.84,1.148,134,81,1425,1970.4,40.02999016083777,-105.30337119475007,8117210422
2022-01-14T16:12:11Z,1525.47,1.101,134,81,1426,1970.4,40.03000474534929,-105.30337370932102,8117210422
2022-01-14T16:12:12Z,1526.64,1.148,134,56,1427,1971.36,40.030014803633094,-105.30337806791067,8117210422
2022-01-14T16:12:13Z,1527.91,1.232,135,56,1428,1971.36,40.030026119202375,-105.3033802472055,8117210422
2022-01-14T16:12:14Z,1529.27,1.232,135,56,1429,1971.36,40.03003844060004,-105.30337798409164,8117210422
2022-01-14T16:12:15Z,1530.81,1.222,135,56,1430,1972.27,40.03005210310221,-105.3033747151494,8117210422
2022-01-14T16:12:16Z,1531.95,1.26,135,56,1431,1972.27,40.03006232902408,-105.30337253585458,8117210422
2022-01-14T16:12:17Z,1532.75,1.26,135,56,1432,1972.27,40.030069537460804,-105.30337396077812,8117210422
2022-01-14T16:12:18Z,1533.47,1.241,135,56,1433,1972.27,40.03007574006915,-105.30337697826326,8117210422
2022-01-14T16:12:19Z,1534.56,1.148,135,56,1434,1973.07,40.03008487634361,-105.30338192358613,8117210422
2022-01-14T16:12:20Z,1536.02,1.054,135,56,1435,1973.07,40.030097449198365,-105.3033871203661,8117210422
2022-01-14T16:12:21Z,1537.38,1.054,135,56,1436,1973.07,40.03010926768184,-105.30339122749865,8117210422
2022-01-14T16:12:22Z,1538.55,1.101,135,52,1437,1974.12,40.03011932596564,-105.30339550226927,8117210422
2022-01-14T16:12:23Z,1539.82,1.129,135,52,1438,1974.12,40.030130725353956,-105.30339617282152,8117210422
2022-01-14T16:12:24Z,1540.69,1.129,135,52,1439,1974.12,40.030138520523906,-105.3033937420696,8117210422
2022-01-14T16:12:25Z,1541.97,1.129,135,52,1440,1973.73,40.03014891408384,-105.30338636599481,8117210422
2022-01-14T16:12:26Z,1543.28,1.129,135,52,1441,1974.29,40.03015930764377,-105.30337890610099,8117210422
2022-01-14T16:12:27Z,1544.63,1.129,135,52,1442,1974.29,40.03017062321305,-105.30337320640683,8117210422
2022-01-14T16:12:28Z,1545.93,1.148,135,52,1443,1974.29,40.03018177114427,-105.30336851254106,8117210422
2022-01-14T16:12:29Z,1547.15,1.157,135,52,1444,1974.72,40.03019249998033,-105.30336507596076,8117210422
2022-01-14T16:12:30Z,1548.33,1.166,135,52,1445,1974.72,40.03020306117833,-105.30336314812303,8117210422
2022-01-14T16:12:31Z,1549.57,1.166,135,52,1446,1974.72,40.030214209109545,-105.30336172319949,8117210422
2022-01-14T16:12:32Z,1550.63,1.166,135,52,1447,1974.3,40.03022284246981,-105.30335535295308,8117210422
2022-01-14T16:12:33Z,1551.67,1.166,135,52,1448,1974.3,40.030232230201364,-105.30335476621985,8117210422
2022-01-14T16:12:34Z,1552.8,1.166,135,52,1449,1974.3,40.0302423723042,-105.30335627496243,8117210422
2022-01-14T16:12:35Z,1554.04,1.166,135,52,1450,1974.3,40.03025352023542,-105.30335468240082,8117210422
2022-01-14T16:12:36Z,1556,1.166,134,52,1451,1975.14,40.03027120605111,-105.30335744842887,8117210422
2022-01-14T16:12:37Z,1557.79,1.166,134,52,1452,1975.14,40.03028738312423,-105.30335811898112,8117210422
2022-01-14T16:12:38Z,1559.54,1.194,134,52,1453,1975.12,40.030303141102195,-105.3033607173711,8117210422
2022-01-14T16:12:39Z,1561.76,1.222,134,52,1454,1975.12,40.030322754755616,-105.30336608178914,8117210422
2022-01-14T16:12:40Z,1563.71,1.241,134,60,1455,1974.98,40.030339770019054,-105.30337178148329,8117210422
2022-01-14T16:12:41Z,1565.78,1.362,135,60,1456,1974.98,40.03035728819668,-105.30338075011969,8117210422
2022-01-14T16:12:42Z,1567.8,1.446,134,60,1457,1974.81,40.03037421964109,-105.30338971875608,8117210422
2022-01-14T16:12:43Z,1569.4,1.558,134,60,1458,1975.88,40.03038729541004,-105.303397430107,8117210422
2022-01-14T16:12:44Z,1570.8,1.605,134,60,1459,1975.9,40.03039861097932,-105.30340489000082,8117210422
2022-01-14T16:12:45Z,1572.35,1.605,134,60,1460,1975.9,40.030411183834076,-105.3034127689898,8117210422
2022-01-14T16:12:46Z,1573.83,1.577,133,60,1461,1975.9,40.03042350523174,-105.30341930687428,8117210422
2022-01-14T16:12:47Z,1575.46,1.577,132,60,1462,1976.04,40.03043792210519,-105.30342383310199,8117210422
2022-01-14T16:12:48Z,1576.99,1.558,132,60,1463,1977.01,40.030451249331236,-105.30342844314873,8117210422
2022-01-14T16:12:49Z,1578.48,1.558,132,62,1464,1977.01,40.03046424128115,-105.30343246646225,8117210422
2022-01-14T16:12:50Z,1580.29,1.549,131,62,1465,1977.2,40.03048033453524,-105.30343640595675,8117210422
2022-01-14T16:12:51Z,1582.02,1.54,131,62,1466,1977.2,40.030495673418045,-105.30344093218446,8117210422
2022-01-14T16:12:52Z,1583.84,1.54,131,62,1467,1977.38,40.03051143139601,-105.30344805680215,8117210422
2022-01-14T16:12:53Z,1585.4,1.558,131,62,1468,1977.38,40.03052425570786,-105.30345551669598,8117210422
2022-01-14T16:12:54Z,1586.93,1.568,131,61,1469,1977.44,40.030537834391,-105.30345886945724,8117210422
2022-01-14T16:12:55Z,1588.62,1.568,131,61,1470,1977.44,40.03055300563574,-105.3034574445337,8117210422
2022-01-14T16:12:56Z,1590.4,1.568,130,61,1471,1977.44,40.03056960180402,-105.30345861800015,8117210422
2022-01-14T16:12:57Z,1592.07,1.568,130,61,1472,1978.16,40.03058393485844,-105.30346490442753,8117210422
2022-01-14T16:12:58Z,1593.97,1.586,130,61,1473,1978.16,40.03059944137931,-105.30347445979714,8117210422
2022-01-14T16:12:59Z,1595.72,1.586,130,61,1474,1977.68,40.030612936243415,-105.30348535627127,8117210422
2022-01-14T16:13:00Z,1597.37,1.596,130,61,1475,1978.47,40.0306242518127,-105.30349809676409,8117210422
2022-01-14T16:13:01Z,1599.01,1.596,130,60,1476,1978.47,40.03063372336328,-105.30351284891367,8117210422
2022-01-14T16:13:02Z,1600.74,1.596,129,60,1477,1977.86,40.0306430272758,-105.30352910980582,8117210422
2022-01-14T16:13:03Z,1602.46,1.605,129,63,1478,1978.66,40.03065291792154,-105.30354528687894,8117210422
2022-01-14T16:13:04Z,1603.98,1.614,129,63,1479,1978.66,40.030663311481476,-105.30355693772435,8117210422
2022-01-14T16:13:05Z,1605.48,1.633,128,63,1480,1978.66,40.030675046145916,-105.30356733128428,8117210422
2022-01-14T16:13:06Z,1606.94,1.633,128,63,1481,1979.13,40.03068510442972,-105.30357839539647,8117210422
2022-01-14T16:13:07Z,1608.2,1.633,127,63,1482,1979.13,40.030692145228386,-105.30359021387994,8117210422
2022-01-14T16:13:08Z,1609.25,1.633,127,63,1483,1979.13,40.030694995075464,-105.30360203236341,8117210422
2022-01-14T16:13:09Z,1610.21,1.624,126,61,1484,1980.26,40.03069834783673,-105.30361259356141,8117210422
2022-01-14T16:13:10Z,1611.3,1.596,126,60,1485,1980.26,40.03070547245443,-105.3036215621978,8117210422
2022-01-14T16:13:11Z,1612.59,1.484,125,60,1486,1979.96,40.030714105814695,-105.30363178811967,8117210422
2022-01-14T16:13:12Z,1614.21,1.465,125,60,1487,1981.14,40.030726259574294,-105.30364251695573,8117210422
2022-01-14T16:13:13Z,1615.65,1.465,124,60,1488,1981.14,40.03073740750551,-105.30365190468729,8117210422
2022-01-14T16:13:14Z,1616.69,1.465,124,60,1489,1981.14,40.030744448304176,-105.30365995131433,8117210422
2022-01-14T16:13:15Z,1617.82,1.456,124,60,1490,1981.04,40.030751740559936,-105.30366950668395,8117210422
2022-01-14T16:13:16Z,1619.04,1.39,124,60,1491,1982.24,40.03075945191085,-105.30367973260581,8117210422
2022-01-14T16:13:17Z,1620.09,1.362,125,60,1492,1982.24,40.03076624125242,-105.30368853360415,8117210422
2022-01-14T16:13:18Z,1621.32,1.353,125,60,1493,1982.24,40.03077504225075,-105.30369708314538,8117210422
2022-01-14T16:13:19Z,1622.42,1.334,125,60,1494,1982.34,40.03078241832554,-105.30370588414371,8117210422
2022-01-14T16:13:20Z,1623.3,1.334,126,60,1495,1983.54,40.03078778274357,-105.3037135116756,8117210422
2022-01-14T16:13:21Z,1624.22,1.325,126,60,1496,1983.54,40.030793314799666,-105.30372155830264,8117210422
2022-01-14T16:13:22Z,1625.42,1.278,126,60,1497,1983.54,40.03080136142671,-105.30373086221516,8117210422
2022-01-14T16:13:23Z,1626.39,1.278,126,60,1498,1983.54,40.03080764785409,-105.3037391602993,8117210422
2022-01-14T16:13:24Z,1627.29,1.278,126,60,1499,1984.63,40.03081049770117,-105.30374913476408,8117210422
2022-01-14T16:13:25Z,1628.2,1.26,125,60,1500,1984.63,40.03081301227212,-105.30375936068594,8117210422
2022-01-14T16:13:26Z,1629.16,1.241,124,60,1501,1984.82,40.0308174546808,-105.30376908369362,8117210422
2022-01-14T16:13:27Z,1630.18,1.222,123,60,1502,1985.72,40.03082198090851,-105.30377956107259,8117210422
2022-01-14T16:13:28Z,1631.07,1.222,123,60,1503,1985.72,40.03082189708948,-105.30379003845155,8117210422
2022-01-14T16:13:29Z,1631.86,1.204,123,60,1504,1985.72,40.03082323819399,-105.30379909090698,8117210422
2022-01-14T16:13:30Z,1632.88,1.185,124,60,1505,1985.72,40.03082290291786,-105.30381107702851,8117210422
2022-01-14T16:13:31Z,1634,1.166,125,60,1506,1986.48,40.030823992565274,-105.30382440425456,8117210422
2022-01-14T16:13:32Z,1635.12,1.166,126,60,1507,1986.48,40.03082726150751,-105.30383697710931,8117210422
2022-01-14T16:13:33Z,1636.14,1.157,126,60,1508,1986.48,40.03082927316427,-105.30384862795472,8117210422
2022-01-14T16:13:34Z,1637.48,1.157,127,60,1509,1987.09,40.03083505667746,-105.30386237427592,8117210422
2022-01-14T16:13:35Z,1638.6,1.157,128,60,1510,1987.09,40.03084125928581,-105.30387310311198,8117210422
2022-01-14T16:13:36Z,1640.08,1.157,128,60,1511,1987.49,40.03085131756961,-105.3038845025003,8117210422
2022-01-14T16:13:37Z,1641.52,1.157,129,60,1512,1988.12,40.0308607891202,-105.30389606952667,8117210422
2022-01-14T16:13:38Z,1642.79,1.157,129,60,1513,1988.12,40.030866991728544,-105.3039085585624,8117210422
2022-01-14T16:13:39Z,1644.04,1.157,130,60,1514,1988.24,40.03087420016527,-105.30391970649362,8117210422
2022-01-14T16:13:40Z,1645.49,1.166,130,60,1515,1988.24,40.0308848451823,-105.30392968095839,8117210422
2022-01-14T16:13:41Z,1646.84,1.166,130,56,1516,1988.78,40.030894903466105,-105.30393873341382,8117210422
2022-01-14T16:13:42Z,1648.26,1.166,130,54,1517,1988.78,40.0309073086828,-105.30394309200346,8117210422
2022-01-14T16:13:43Z,1649.67,1.176,130,54,1518,1988.78,40.030919797718525,-105.30394652858377,8117210422
2022-01-14T16:13:44Z,1650.93,1.176,130,54,1519,1989.34,40.03093111328781,-105.30394753441215,8117210422
2022-01-14T16:13:45Z,1652.13,1.185,130,55,1520,1989.34,40.030942261219025,-105.30394837260246,8117210422
2022-01-14T16:13:46Z,1653.22,1.185,130,55,1521,1989.01,40.0309503916651,-105.30395558103919,8117210422
2022-01-14T16:13:47Z,1654.2,1.185,130,55,1522,1989.59,40.030958438292146,-105.30396052636206,8117210422
2022-01-14T16:13:48Z,1655.12,1.176,130,55,1523,1989.59,40.030966652557254,-105.30396421439946,8117210422
2022-01-14T16:13:49Z,1656.27,1.157,131,55,1524,1989.59,40.030975034460425,-105.30397209338844,8117210422
2022-01-14T16:13:50Z,1657.57,1.138,131,55,1525,1989.59,40.03098609857261,-105.30397863127291,8117210422
2022-01-14T16:13:51Z,1659.31,1.138,131,55,1526,1990.28,40.03100168891251,-105.3039846662432,8117210422
2022-01-14T16:13:52Z,1660.84,1.138,131,55,1527,1989.66,40.03101484850049,-105.30399028211832,8117210422
2022-01-14T16:13:53Z,1662.72,1.157,131,55,1528,1990.28,40.03103094175458,-105.30399765819311,8117210422
2022-01-14T16:13:54Z,1664.01,1.176,131,61,1529,1990.28,40.03104175440967,-105.30400335788727,8117210422
2022-01-14T16:13:55Z,1665.45,1.194,130,61,1530,1990.28,40.031054159626365,-105.30400805175304,8117210422
2022-01-14T16:13:56Z,1667.18,1.213,131,61,1531,1990.84,40.0310695823282,-105.30401199124753,8117210422
2022-01-14T16:13:57Z,1668.83,1.241,131,62,1532,1990.84,40.03108425065875,-105.30401593074203,8117210422
2022-01-14T16:13:58Z,1670.18,1.297,130,62,1533,1990.84,40.031096152961254,-105.30401961877942,8117210422
2022-01-14T16:13:59Z,1671.77,1.334,130,62,1534,1991.26,40.031110318377614,-105.30402297154069,8117210422
2022-01-14T16:14:00Z,1673.3,1.344,129,61,1535,1990.64,40.03112414851785,-105.30402531847358,8117210422
2022-01-14T16:14:01Z,1675.07,1.362,129,61,1536,1991.04,40.03114007413387,-105.30402808450162,8117210422
2022-01-14T16:14:02Z,1676.97,1.381,129,60,1537,1991.04,40.03115692175925,-105.30403210781515,8117210422
2022-01-14T16:14:03Z,1678.72,1.4,129,60,1538,1991.41,40.031171925365925,-105.30403822660446,8117210422
2022-01-14T16:14:04Z,1680.3,1.428,128,60,1539,1991.41,40.03118500113487,-105.30404551886022,8117210422
2022-01-14T16:14:05Z,1681.73,1.437,128,60,1540,1991.41,40.031196819618344,-105.30405222438276,8117210422
2022-01-14T16:14:06Z,1683.32,1.437,127,61,1541,1991.49,40.031209979206324,-105.30405960045755,8117210422
2022-01-14T16:14:07Z,1685.03,1.446,126,61,1542,1991.49,40.03122380934656,-105.304068736732,8117210422
2022-01-14T16:14:08Z,1686.63,1.446,125,61,1543,1991.49,40.03123730421066,-105.30407569371164,8117210422
2022-01-14T16:14:09Z,1688.16,1.465,125,61,1544,1992.05,40.031250631436706,-105.30408021993935,8117210422
2022-01-14T16:14:10Z,1689.82,1.465,124,61,1545,1992.05,40.03126513212919,-105.30408508144319,8117210422
2022-01-14T16:14:11Z,1691.68,1.474,124,58,1546,1992.67,40.03128080628812,-105.3040930442512,8117210422
2022-01-14T16:14:12Z,1693.44,1.474,124,58,1547,1992.15,40.031294636428356,-105.30410310253501,8117210422
2022-01-14T16:14:13Z,1695.25,1.484,124,60,1548,1992.15,40.03130762837827,-105.30411642976105,8117210422
2022-01-14T16:14:14Z,1697.33,1.502,124,60,1549,1991.95,40.03132154233754,-105.3041329421103,8117210422
2022-01-14T16:14:15Z,1699.64,1.521,124,60,1550,1991.95,40.03133679740131,-105.30415146611631,8117210422
2022-01-14T16:14:16Z,1701.8,1.54,124,60,1551,1991.79,40.03135255537927,-105.30416630208492,8117210422
2022-01-14T16:14:17Z,1703.52,1.586,124,60,1552,1991.79,40.031366888433695,-105.30417434871197,8117210422
2022-01-14T16:14:18Z,1705.42,1.605,124,60,1553,1992.58,40.03138323314488,-105.30418063513935,8117210422
2022-01-14T16:14:19Z,1707.49,1.624,123,60,1554,1992.58,40.031401170417666,-105.30418759211898,8117210422
2022-01-14T16:14:20Z,1709.49,1.633,123,75,1555,1993.72,40.031418688595295,-105.30419421382248,8117210422
2022-01-14T16:14:21Z,1711.31,1.642,123,75,1556,1993.07,40.03143444657326,-105.30419982969761,8117210422
2022-01-14T16:14:22Z,1713.16,1.708,123,75,1557,1994.41,40.03145070746541,-105.30420460738242,8117210422
2022-01-14T16:14:23Z,1714.93,1.782,123,75,1558,1994.41,40.031466130167246,-105.30420972034335,8117210422
2022-01-14T16:14:24Z,1716.56,1.829,123,81,1559,1994.41,40.031479708850384,-105.30421718023717,8117210422
2022-01-14T16:14:25Z,1717.96,1.829,124,81,1560,1995.67,40.03149135969579,-105.30422396957874,8117210422
2022-01-14T16:14:26Z,1719.6,1.819,125,81,1561,1995.67,40.03150477074087,-105.30423218384385,8117210422
2022-01-14T16:14:27Z,1721.17,1.819,125,81,1562,1995.22,40.03151658922434,-105.30424249358475,8117210422
2022-01-14T16:14:28Z,1722.62,1.829,125,81,1563,1995.94,40.03152782097459,-105.30425104312599,8117210422
2022-01-14T16:14:29Z,1723.89,1.829,126,81,1564,1995.94,40.03153804689646,-105.30425858683884,8117210422
2022-01-14T16:14:30Z,1725.24,1.81,126,81,1565,1995.94,40.0315495301038,-105.30426395125687,8117210422
2022-01-14T16:14:31Z,1726.45,1.773,126,81,1566,1995.77,40.031559420749545,-105.30426998622715,8117210422
2022-01-14T16:14:32Z,1727.71,1.745,126,81,1567,1995.77,40.03157082013786,-105.30427325516939,8117210422
2022-01-14T16:14:33Z,1729.73,1.745,126,59,1568,1995.77,40.03158909268677,-105.30427526682615,8117210422
2022-01-14T16:14:34Z,1732.28,1.736,126,59,1569,1995.36,40.03161197528243,-105.30427719466388,8117210422
2022-01-14T16:14:35Z,1735.04,1.81,126,59,1570,1994.79,40.03163678571582,-105.30427929013968,8117210422
2022-01-14T16:14:36Z,1738.32,1.959,125,86,1571,1994.39,40.03166612237692,-105.30428398400545,8117210422
2022-01-14T16:14:37Z,1741.54,2.155,126,87,1572,1994.29,40.03169503994286,-105.30428817495704,8117210422
2022-01-14T16:14:38Z,1744.7,2.958,126,87,1573,1994.29,40.03172320313752,-105.30429345555604,8117210422
2022-01-14T16:14:39Z,1747.49,3.014,126,87,1574,1994.52,40.031747594475746,-105.30430141836405,8117210422
2022-01-14T16:14:40Z,1750.15,3.023,127,88,1575,1995.32,40.03177081234753,-105.30431021936238,8117210422
2022-01-14T16:14:41Z,1751.98,2.939,126,89,1576,1995.32,40.03178682178259,-105.30431482940912,8117210422
2022-01-14T16:14:42Z,1753.31,2.902,127,89,1577,1995.32,40.0317982211709,-105.30431969091296,8117210422
2022-01-14T16:14:43Z,1754.75,2.594,127,89,1578,1996,40.03181096166372,-105.30432312749326,8117210422
2022-01-14T16:14:44Z,1755.9,2.221,127,89,1579,1996,40.031821271404624,-105.30432379804552,8117210422
2022-01-14T16:14:45Z,1757.32,2.043,127,89,1580,1996,40.031834011897445,-105.30432279221714,8117210422
2022-01-14T16:14:46Z,1759.27,1.847,128,89,1581,1996.57,40.031851613894105,-105.3043243009597,8117210422
2022-01-14T16:14:47Z,1761.43,1.847,128,89,1582,1997,40.0318708922714,-105.30432740226388,8117210422
2022-01-14T16:14:48Z,1763.53,1.941,128,89,1583,1997,40.03188983537257,-105.30433293431997,8117210422
2022-01-14T16:14:49Z,1765.43,2.249,128,89,1584,1997.32,40.03190618008375,-105.3043398912996,8117210422
2022-01-14T16:14:50Z,1767.42,2.295,129,89,1585,1997.6,40.031923446804285,-105.30434617772698,8117210422
2022-01-14T16:14:51Z,1769.43,2.295,129,89,1586,1997.96,40.03194130025804,-105.30435003340244,8117210422
2022-01-14T16:14:52Z,1771.44,2.165,130,89,1587,1997.96,40.03195873461664,-105.30435631982982,8117210422
2022-01-14T16:14:53Z,1773.39,2.137,130,89,1588,1997.96,40.03197541460395,-105.30436361208558,8117210422
2022-01-14T16:14:54Z,1775.46,2.081,130,89,1589,1998.3,40.031993268057704,-105.30437073670328,8117210422
2022-01-14T16:14:55Z,1777.21,2.025,130,89,1590,1998.3,40.03200860694051,-105.30437509529293,8117210422
2022-01-14T16:14:56Z,1778.87,2.015,130,60,1591,1998.92,40.03202344290912,-105.3043784480542,8117210422
2022-01-14T16:14:57Z,1780.77,2.015,130,60,1592,1998.92,40.03204012289643,-105.3043834771961,8117210422
2022-01-14T16:14:58Z,1782.77,1.857,129,62,1593,1999.41,40.03205764107406,-105.304388506338,8117210422
2022-01-14T16:14:59Z,1784.67,1.838,129,62,1594,1999.41,40.03207356669009,-105.30439672060311,8117210422
2022-01-14T16:15:00Z,1786.52,1.829,129,62,1595,2000.01,40.03208940848708,-105.3044038452208,8117210422
2022-01-14T16:15:01Z,1788.08,1.791,129,62,1596,2000.01,40.032102819532156,-105.30440929345787,8117210422
2022-01-14T16:15:02Z,1789.4,1.764,129,62,1597,2000.41,40.03211472183466,-105.30441138893366,8117210422
2022-01-14T16:15:03Z,1790.64,1.726,130,62,1598,2001.26,40.03212561830878,-105.3044144064188,8117210422
2022-01-14T16:15:04Z,1791.65,1.68,130,62,1599,2001.26,40.03213467076421,-105.30441608279943,8117210422
2022-01-14T16:15:05Z,1792.45,1.633,129,62,1600,2001.26,40.032142382115126,-105.30441692098975,8117210422
2022-01-14T16:15:06Z,1793.56,1.512,130,62,1601,2002.17,40.03215227276087,-105.30441876500845,8117210422
2022-01-14T16:15:07Z,1794.41,1.381,130,62,1602,2002.17,40.032159984111786,-105.30441868118942,8117210422
2022-01-14T16:15:08Z,1795.69,1.316,131,62,1603,2002.17,40.03217155113816,-105.30441926792264,8117210422
2022-01-14T16:15:09Z,1796.92,1.222,131,62,1604,2002.17,40.03218269906938,-105.30442069284618,8117210422
2022-01-14T16:15:10Z,1798.36,1.213,132,62,1605,2003.09,40.032195607200265,-105.30442211776972,8117210422
2022-01-14T16:15:11Z,1799.76,1.213,132,62,1606,2003.09,40.03220818005502,-105.3044231235981,8117210422
2022-01-14T16:15:12Z,1801.06,1.222,133,62,1607,2003.09,40.03221983090043,-105.30442521907389,8117210422
2022-01-14T16:15:13Z,1802.15,1.232,133,62,1608,2004.04,40.032229386270046,-105.30442798510194,8117210422
2022-01-14T16:15:14Z,1803.37,1.241,134,62,1609,2004.04,40.03223894163966,-105.30443569645286,8117210422
2022-01-14T16:15:15Z,1804.32,1.241,134,62,1610,2004.04,40.032244473695755,-105.30444508418441,8117210422
2022-01-14T16:15:16Z,1805.26,1.241,135,62,1611,2004.43,40.03225285559893,-105.30444751493633,8117210422
2022-01-14T16:15:17Z,1806.49,1.241,135,62,1612,2005.49,40.03226433880627,-105.3044458385557,8117210422
2022-01-14T16:15:18Z,1807.25,1.213,136,62,1613,2005.49,40.03227112814784,-105.30444575473666,8117210422
2022-01-14T16:15:19Z,1808,1.213,136,55,1614,2005.04,40.032277749851346,-105.30444407835603,8117210422
2022-01-14T16:15:20Z,1809.36,1.185,136,55,1615,2005.04,40.03228764049709,-105.30443418771029,8117210422
2022-01-14T16:15:21Z,1810.72,1.12,136,55,1616,2006.04,40.03229895606637,-105.30442815274,8117210422
2022-01-14T16:15:22Z,1811.91,1.12,136,55,1617,2006.04,40.032308930531144,-105.30442303977907,8117210422
2022-01-14T16:15:23Z,1813.09,1.176,136,55,1618,2006.04,40.03231982700527,-105.30442195013165,8117210422
2022-01-14T16:15:24Z,1814.38,1.194,135,55,1619,2006.93,40.03233114257455,-105.30441859737039,8117210422
2022-01-14T16:15:25Z,1815.25,1.232,135,55,1620,2006.93,40.03233902156353,-105.304417591542,8117210422
2022-01-14T16:15:26Z,1816.01,1.232,135,55,1621,2006.93,40.03234589472413,-105.30441775918007,8117210422
2022-01-14T16:15:27Z,1816.9,1.204,135,55,1622,2006.93,40.03235377371311,-105.30441918410361,8117210422
2022-01-14T16:15:28Z,1818.03,1.176,135,53,1623,2007.68,40.03236349672079,-105.30442354269326,8117210422
2022-01-14T16:15:29Z,1819.3,1.166,136,53,1624,2007.68,40.03237363882363,-105.30443016439676,8117210422
2022-01-14T16:15:30Z,1820.86,1.166,136,53,1625,2007.68,40.0323854573071,-105.3044405579567,8117210422
2022-01-14T16:15:31Z,1821.99,1.166,136,53,1626,2008.59,40.03239325247705,-105.30444910749793,8117210422
2022-01-14T16:15:32Z,1822.84,1.176,136,53,1627,2009.48,40.03239777870476,-105.30445715412498,8117210422
2022-01-14T16:15:33Z,1823.56,1.176,137,53,1628,2009.48,40.032401802018285,-105.30446419492364,8117210422
2022-01-14T16:15:34Z,1824.38,1.148,137,53,1629,2009.48,40.03240842372179,-105.30446872115135,8117210422
2022-01-14T16:15:35Z,1825.23,1.11,137,53,1630,2009.48,40.032415045425296,-105.30447375029325,8117210422
2022-01-14T16:15:36Z,1825.85,1.082,136,60,1631,2009.48,40.03241906873882,-105.30447894707322,8117210422
2022-01-14T16:15:37Z,1826.67,1.064,136,60,1632,2009.48,40.03242644481361,-105.30448037199676,8117210422
2022-01-14T16:15:38Z,1827.72,0.97,136,60,1633,2011.94,40.03243541345,-105.30448439531028,8117210422
2022-01-14T16:15:39Z,1828.5,0.961,135,60,1634,2011.94,40.032441867515445,-105.30448799952865,8117210422
2022-01-14T16:15:40Z,1829.15,0.942,135,60,1635,2011.94,40.03244605846703,-105.30449378304183,8117210422
2022-01-14T16:15:41Z,1829.58,0.942,135,0,1636,2011.94,40.03244857303798,-105.30449814163148,8117210422
2022-01-14T16:15:42Z,1829.98,0.914,135,0,1637,2011.94,40.032451590523124,-105.30450074002147,8117210422
2022-01-14T16:15:43Z,1830.55,0.868,135,0,1638,2011.94,40.03245645202696,-105.30450283549726,8117210422
2022-01-14T16:15:44Z,1831.12,0.812,135,58,1639,2011.94,40.032461397349834,-105.3045045118779,8117210422
2022-01-14T16:15:45Z,1831.58,0.793,135,58,1640,2011.94,40.03246550448239,-105.30450476333499,8117210422
2022-01-14T16:15:46Z,1831.72,0.774,135,58,1641,2011.94,40.03246651031077,-105.30450627207756,8117210422
2022-01-14T16:15:47Z,1832.48,0.756,136,58,1642,2013.3,40.03247355110943,-105.30450627207756,8117210422
2022-01-14T16:15:48Z,1833.17,0.718,135,58,1643,2013.3,40.03247983753681,-105.30450618825853,8117210422
2022-01-14T16:15:49Z,1834.06,0.718,136,58,1644,2013.3,40.032487800344825,-105.3045076970011,8117210422
2022-01-14T16:15:50Z,1835.38,0.718,136,58,1645,2013.3,40.03249978646636,-105.30450870282948,8117210422
2022-01-14T16:15:51Z,1836.05,0.728,137,0,1646,2014.73,40.03250523470342,-105.30451239086688,8117210422
2022-01-14T16:15:52Z,1836.82,0.765,136,0,1647,2014.73,40.032512191683054,-105.30451264232397,8117210422
2022-01-14T16:15:53Z,1837.4,0.765,137,0,1648,2015.29,40.0325168017298,-105.30451649799943,8117210422
2022-01-14T16:15:54Z,1838.18,0.774,136,0,1649,2015.29,40.03252333961427,-105.30451976694167,8117210422
2022-01-14T16:15:55Z,1838.77,0.774,136,0,1650,2015.29,40.032528368756175,-105.30452219769359,8117210422
2022-01-14T16:15:56Z,1839.01,0.774,136,0,1651,2015.29,40.03252962604165,-105.30452580191195,8117210422
2022-01-14T16:15:57Z,1839.76,0.774,136,0,1652,2015.29,40.032532727345824,-105.30453510582447,8117210422
2022-01-14T16:15:58Z,1840.8,0.774,136,0,1653,2016.33,40.03254094161093,-105.30454105697572,8117210422
2022-01-14T16:15:59Z,1841.99,0.774,137,0,1654,2016.33,40.032550413161516,-105.30454784631729,8117210422
2022-01-14T16:16:00Z,1842.94,0.784,137,0,1655,2016.18,40.032558627426624,-105.30455153435469,8117210422
2022-01-14T16:16:01Z,1843.77,0.802,137,0,1656,2016.18,40.03256424330175,-105.30455823987722,8117210422
2022-01-14T16:16:02Z,1844.68,0.812,137,0,1657,2016.18,40.03256809897721,-105.30456829816103,8117210422
2022-01-14T16:16:03Z,1845.08,0.821,136,0,1658,2016.18,40.03256717696786,-105.30457424931228,8117210422
2022-01-14T16:16:04Z,1845.83,0.821,137,56,1659,2016.93,40.032573295757174,-105.3045785240829,8117210422
2022-01-14T16:16:05Z,1846.95,0.812,138,56,1660,2016.93,40.03258327022195,-105.30458103865385,8117210422
2022-01-14T16:16:06Z,1847.52,0.812,138,56,1661,2016.93,40.032587544992566,-105.30458472669125,8117210422
2022-01-14T16:16:07Z,1848.17,0.812,138,56,1662,2017.11,40.03259148448706,-105.3045906778425,8117210422
2022-01-14T16:16:08Z,1848.89,0.812,139,54,1663,2017.11,40.032594837248325,-105.30459805391729,8117210422
2022-01-14T16:16:09Z,1849.9,0.802,139,0,1664,2017.11,40.03260305151343,-105.30460350215435,8117210422
2022-01-14T16:16:10Z,1851.24,0.802,140,0,1665,2017.55,40.03261361271143,-105.30461096204817,8117210422
2022-01-14T16:16:11Z,1852.54,0.812,141,59,1666,2017.55,40.032624593004584,-105.30461649410427,8117210422
2022-01-14T16:16:12Z,1853.95,0.812,141,59,1667,2017.55,40.03263708204031,-105.30461984686553,8117210422
2022-01-14T16:16:13Z,1855.16,0.821,141,61,1668,2017.97,40.03264697268605,-105.30462579801679,8117210422
2022-01-14T16:16:14Z,1856.5,0.83,141,61,1669,2017.97,40.03265703096986,-105.30463459901512,8117210422
2022-01-14T16:16:15Z,1857.5,0.84,141,61,1670,2017.97,40.032661724835634,-105.3046456631273,8117210422
2022-01-14T16:16:16Z,1858.61,0.858,141,61,1671,2018.67,40.03266549669206,-105.30465848743916,8117210422
2022-01-14T16:16:17Z,1859.61,0.858,141,61,1672,2018.67,40.03266449086368,-105.30467173084617,8117210422
2022-01-14T16:16:18Z,1860.83,0.868,141,61,1673,2018.67,40.03266281448305,-105.30468706972897,8117210422
2022-01-14T16:16:19Z,1862.16,0.877,141,61,1674,2019.17,40.03266549669206,-105.30470224097371,8117210422
2022-01-14T16:16:20Z,1863.46,0.886,141,61,1675,2019.17,40.03267086111009,-105.30471598729491,8117210422
2022-01-14T16:16:21Z,1864.61,0.905,140,61,1676,2019.28,40.0326756387949,-105.30472788959742,8117210422
2022-01-14T16:16:22Z,1865.9,0.905,140,61,1677,2019.4,40.03268301486969,-105.30473979189992,8117210422
2022-01-14T16:16:23Z,1866.83,0.914,140,61,1678,2019.4,40.03268829546869,-105.30474817380309,8117210422
2022-01-14T16:16:24Z,1867.96,0.924,140,52,1679,2019.4,40.032698353752494,-105.30475328676403,8117210422
2022-01-14T16:16:25Z,1868.96,0.942,140,52,1680,2019.4,40.03270749002695,-105.30475680716336,8117210422
2022-01-14T16:16:26Z,1870.19,0.97,140,52,1681,2020,40.03271805122495,-105.30476175248623,8117210422
2022-01-14T16:16:27Z,1871.32,1.017,141,52,1682,2020,40.03272660076618,-105.30476904474199,8117210422
2022-01-14T16:16:28Z,1872.48,1.064,140,58,1683,2020,40.03273489885032,-105.30477717518806,8117210422
2022-01-14T16:16:29Z,1873.88,1.073,140,58,1684,2020,40.03274395130575,-105.30478874221444,8117210422
2022-01-14T16:16:30Z,1875.38,1.092,139,58,1685,2021.07,40.03275350667536,-105.30480123125017,8117210422
2022-01-14T16:16:31Z,1876.64,1.138,139,58,1686,2021.07,40.03276121802628,-105.30481196008623,8117210422
2022-01-14T16:16:32Z,1877.57,1.176,139,58,1687,2021.07,40.03276566043496,-105.30482126399875,8117210422
2022-01-14T16:16:33Z,1878.81,1.176,138,58,1688,2021.8,40.03277060575783,-105.30483425594866,8117210422
2022-01-14T16:16:34Z,1879.89,1.157,138,58,1689,2021.8,40.03277571871877,-105.30484515242279,8117210422
2022-01-14T16:16:35Z,1880.95,1.148,138,58,1690,2021.8,40.03278058022261,-105.30485588125885,8117210422
2022-01-14T16:16:36Z,1881.8,1.148,138,58,1691,2022.34,40.0327879562974,-105.30486007221043,8117210422
2022-01-14T16:16:37Z,1882.7,1.138,137,58,1692,2022.34,40.03279491327703,-105.30486577190459,8117210422
2022-01-14T16:16:38Z,1883.55,1.101,137,58,1693,2023.1,40.03280044533312,-105.30487264506519,8117210422
2022-01-14T16:16:39Z,1884.53,1.082,136,58,1694,2023.1,40.0328067317605,-105.3048806078732,8117210422
2022-01-14T16:16:40Z,1885.84,1.064,137,58,1695,2023.1,40.032816203311086,-105.30488999560475,8117210422
2022-01-14T16:16:41Z,1887.29,1.064,137,58,1696,2024.08,40.03282567486167,-105.30490189790726,8117210422
2022-01-14T16:16:42Z,1888.51,1.073,137,58,1697,2024.08,40.03283338621259,-105.30491212382913,8117210422
2022-01-14T16:16:43Z,1889.34,1.082,137,58,1698,2024.08,40.03283942118287,-105.30491790734231,8117210422
2022-01-14T16:16:44Z,1890.37,1.082,137,58,1699,2024.08,40.03284780308604,-105.30492293648422,8117210422
2022-01-14T16:16:45Z,1891.51,1.073,137,58,1700,2024.12,40.03285794518888,-105.30492620542645,8117210422
2022-01-14T16:16:46Z,1892.88,1.073,137,58,1701,2024.12,40.032869847491384,-105.3049305640161,8117210422
2022-01-14T16:16:47Z,1894.25,1.073,138,58,1702,2024.12,40.032881665974855,-105.30493525788188,8117210422
2022-01-14T16:16:48Z,1895.46,1.082,138,58,1703,2024.85,40.03289231099188,-105.30493844300508,8117210422
2022-01-14T16:16:49Z,1896.76,1.082,138,58,1704,2024.85,40.032904129475355,-105.30494053848088,8117210422
2022-01-14T16:16:50Z,1898.2,1.092,138,58,1705,2024.85,40.032916869968176,-105.30494380742311,8117210422
2022-01-14T16:16:51Z,1899.65,1.092,138,58,1706,2024.7,40.03292969428003,-105.30494690872729,8117210422
2022-01-14T16:16:52Z,1900.89,1.101,137,58,1707,2024.7,40.032940255478024,-105.30495185405016,8117210422
2022-01-14T16:16:53Z,1902.08,1.11,137,58,1708,2024.7,40.0329499784857,-105.30495788902044,8117210422
2022-01-14T16:16:54Z,1903.5,1.12,136,55,1709,2024.48,40.03296162933111,-105.30496467836201,8117210422
2022-01-14T16:16:55Z,1904.64,1.12,136,55,1710,2024.48,40.03297185525298,-105.304967276752,8117210422
2022-01-14T16:16:56Z,1905.83,1.138,135,55,1711,2025.64,40.03298157826066,-105.30497306026518,8117210422
2022-01-14T16:16:57Z,1907.22,1.148,134,53,1712,2025.64,40.0329933129251,-105.3049789275974,8117210422
2022-01-14T16:16:58Z,1908.38,1.157,133,53,1713,2025.38,40.03300219774246,-105.30498613603413,8117210422
2022-01-14T16:16:59Z,1909.67,1.176,132,53,1714,2025.38,40.03301326185465,-105.30499091371894,8117210422
2022-01-14T16:17:00Z,1910.82,1.176,131,53,1715,2025.38,40.03302248194814,-105.30499728396535,8117210422
2022-01-14T16:17:01Z,1912.02,1.176,131,53,1716,2025.1,40.0330329593271,-105.30500080436468,8117210422
2022-01-14T16:17:02Z,1913.49,1.185,130,53,1717,2026.44,40.03304519690573,-105.30500734224916,8117210422
2022-01-14T16:17:03Z,1915.04,1.185,130,53,1718,2026.44,40.03305776976049,-105.30501522123814,8117210422
2022-01-14T16:17:04Z,1916.35,1.194,129,53,1719,2026.19,40.0330694206059,-105.30501865781844,8117210422
2022-01-14T16:17:05Z,1917.79,1.222,129,53,1720,2026.19,40.03308216109872,-105.30502167530358,8117210422
2022-01-14T16:17:06Z,1919.7,1.232,128,53,1721,2025.91,40.03309942781925,-105.30502418987453,8117210422
2022-01-14T16:17:07Z,1921.41,1.25,127,53,1722,2025.91,40.03311350941658,-105.3050323203206,8117210422
2022-01-14T16:17:08Z,1923,1.288,127,58,1723,2025.91,40.03312666900456,-105.30503961257637,8117210422
2022-01-14T16:17:09Z,1924.46,1.297,126,58,1724,2027.03,40.033139158040285,-105.30504506081343,8117210422
2022-01-14T16:17:10Z,1925.99,1.306,126,58,1725,2027.03,40.03315173089504,-105.30505285598338,8117210422
2022-01-14T16:17:11Z,1927.15,1.306,126,58,1726,2027.03,40.03316178917885,-105.30505830422044,8117210422
2022-01-14T16:17:12Z,1928.49,1.334,125,58,1727,2026.83,40.0331730209291,-105.3050640039146,8117210422
2022-01-14T16:17:13Z,1929.39,1.334,125,58,1728,2026.83,40.03317838534713,-105.30507213436067,8117210422
2022-01-14T16:17:14Z,1930.26,1.334,124,58,1729,2028.13,40.03318333067,-105.30508051626384,8117210422
2022-01-14T16:17:15Z,1931.33,1.316,124,58,1730,2028.13,40.03319154493511,-105.30508747324347,8117210422
2022-01-14T16:17:16Z,1932.51,1.26,123,58,1731,2028.13,40.03320009447634,-105.30509593896568,8117210422
2022-01-14T16:17:17Z,1933.78,1.25,122,58,1732,2028.11,40.03321032039821,-105.30510256066918,8117210422
2022-01-14T16:17:18Z,1934.9,1.232,122,58,1733,2028.11,40.03321937285364,-105.3051086794585,8117210422
2022-01-14T16:17:19Z,1935.92,1.232,122,58,1734,2029.44,40.033226581290364,-105.30511613935232,8117210422
2022-01-14T16:17:20Z,1937,1.222,122,61,1735,2029.44,40.03323412500322,-105.3051240183413,8117210422
2022-01-14T16:17:21Z,1937.81,1.213,122,61,1736,2029.6,40.033239740878344,-105.30513013713062,8117210422
2022-01-14T16:17:22Z,1938.61,1.194,122,61,1737,2029.6,40.033243680372834,-105.30513818375766,8117210422
2022-01-14T16:17:23Z,1939.56,1.157,122,61,1738,2029.6,40.033249631524086,-105.30514614656568,8117210422
2022-01-14T16:17:24Z,1940.39,1.101,122,61,1739,2030.86,40.03325407393277,-105.30515402555466,8117210422
2022-01-14T16:17:25Z,1941.25,1.092,122,61,1740,2030.86,40.03326094709337,-105.30515947379172,8117210422
2022-01-14T16:17:26Z,1941.86,1.064,122,61,1741,2030.86,40.03326354548335,-105.30516592785716,8117210422
2022-01-14T16:17:27Z,1942.58,1.026,122,61,1742,2030.86,40.03326689824462,-105.30517338775098,8117210422
2022-01-14T16:17:28Z,1943.69,0.98,122,61,1743,2031.15,40.03327486105263,-105.30518143437803,8117210422
2022-01-14T16:17:29Z,1944.56,0.97,122,61,1744,2032.35,40.033281818032265,-105.3051863797009,8117210422
2022-01-14T16:17:30Z,1945.31,0.97,123,61,1745,2032.35,40.03328810445964,-105.30518998391926,8117210422
2022-01-14T16:17:31Z,1946.14,0.97,123,61,1746,2032.35,40.03329439088702,-105.30519526451826,8117210422
2022-01-14T16:17:32Z,1947.37,0.961,123,61,1747,2032.35,40.0333025213331,-105.30520498752594,8117210422
2022-01-14T16:17:33Z,1948.25,0.952,123,61,1748,2032.35,40.03330662846565,-105.30521395616233,8117210422
2022-01-14T16:17:34Z,1948.99,0.961,123,61,1749,2033.58,40.03330947831273,-105.30522191897035,8117210422
2022-01-14T16:17:35Z,1949.74,0.961,123,57,1750,2034.01,40.03331291489303,-105.30522954650223,8117210422
2022-01-14T16:17:36Z,1950.29,0.952,123,57,1751,2034.01,40.03331534564495,-105.30523507855833,8117210422
2022-01-14T16:17:37Z,1950.77,0.933,123,57,1752,2034.01,40.033318530768156,-105.30523968860507,8117210422
2022-01-14T16:17:38Z,1951.41,0.886,123,57,1753,2034.01,40.03332364372909,-105.30524446628988,8117210422
2022-01-14T16:17:39Z,1952.56,0.83,123,57,1754,2034.01,40.03333386965096,-105.30524957925081,8117210422
2022-01-14T16:17:40Z,1953.24,0.83,122,57,1755,2035.17,40.03333822824061,-105.30525519512594,8117210422
2022-01-14T16:17:41Z,1953.9,0.83,122,57,1756,2035.17,40.03334250301123,-105.305260643363,8117210422
2022-01-14T16:17:42Z,1954.79,0.83,122,57,1757,2035.74,40.03335105255246,-105.30526273883879,8117210422
2022-01-14T16:17:43Z,1955.95,0.83,122,57,1758,2035.74,40.03336169756949,-105.30526533722878,8117210422
2022-01-14T16:17:44Z,1956.66,0.83,123,0,1759,2035.74,40.03336706198752,-105.30526969581842,8117210422
2022-01-14T16:17:45Z,1957.36,0.849,124,0,1760,2035.74,40.03337083384395,-105.30527682043612,8117210422
2022-01-14T16:17:46Z,1957.82,0.849,124,0,1761,2035.74,40.03337251022458,-105.30528235249221,8117210422
2022-01-14T16:17:47Z,1958.31,0.849,124,0,1762,2035.74,40.03337435424328,-105.30528771691024,8117210422
2022-01-14T16:17:48Z,1958.99,0.84,125,0,1763,2036.73,40.033379048109055,-105.30529299750924,8117210422
2022-01-14T16:17:49Z,1959.64,0.821,125,0,1764,2037.36,40.0333836581558,-105.30529760755599,8117210422
2022-01-14T16:17:50Z,1960.33,0.812,125,0,1765,2037.36,40.03338860347867,-105.30530263669789,8117210422
2022-01-14T16:17:51Z,1961.11,0.802,125,0,1766,2037.36,40.03339380025864,-105.30530867166817,8117210422
2022-01-14T16:17:52Z,1961.9,0.802,126,0,1767,2037.36,40.033400589600205,-105.30531227588654,8117210422
2022-01-14T16:17:53Z,1962.83,0.802,127,0,1768,2037.36,40.033406373113394,-105.30532040633261,8117210422
2022-01-14T16:17:54Z,1963.75,0.802,127,0,1769,2038.18,40.0334129948169,-105.30532686039805,8117210422
2022-01-14T16:17:55Z,1964.51,0.812,128,0,1770,2039.06,40.033419113606215,-105.3053312189877,8117210422
2022-01-14T16:17:56Z,1965.17,0.812,129,0,1771,2039.06,40.033422047272325,-105.3053383436054,8117210422
2022-01-14T16:17:57Z,1965.54,0.821,129,0,1772,2039.06,40.03342431038618,-105.3053415287286,8117210422
2022-01-14T16:17:58Z,1966.16,0.812,130,0,1773,2039.06,40.03343009389937,-105.30534370802343,8117210422
2022-01-14T16:17:59Z,1967.09,0.802,130,0,1774,2039.06,40.03343847580254,-105.30534639023244,8117210422
2022-01-14T16:18:00Z,1968.05,0.793,130,0,1775,2039.06,40.03344719298184,-105.30534697696567,8117210422
2022-01-14T16:18:01Z,1968.9,0.793,130,0,1776,2040.22,40.03345440141857,-105.305350497365,8117210422
2022-01-14T16:18:02Z,1969.88,0.802,130,0,1777,2040.22,40.0334629509598,-105.30535359866917,8117210422
2022-01-14T16:18:03Z,1971.06,0.802,130,0,1778,2040.99,40.03347259014845,-105.3053592145443,8117210422
2022-01-14T16:18:04Z,1972.24,0.812,130,0,1779,2040.99,40.03348298370838,-105.30536248348653,8117210422
2022-01-14T16:18:05Z,1973.08,0.821,130,0,1780,2042.12,40.03349027596414,-105.30536533333361,8117210422
2022-01-14T16:18:06Z,1973.58,0.84,130,0,1781,2042.12,40.03349471837282,-105.30536617152393,8117210422
2022-01-14T16:18:07Z,1974.04,0.84,131,56,1782,2042.12,40.033498825505376,-105.30536692589521,8117210422
2022-01-14T16:18:08Z,1974.65,0.84,131,56,1783,2042.12,40.033504106104374,-105.30536910519004,8117210422
2022-01-14T16:18:09Z,1975.19,0.83,131,56,1784,2042.12,40.03350846469402,-105.30537229031324,8117210422
2022-01-14T16:18:10Z,1976.16,0.83,132,56,1785,2042.12,40.03351676277816,-105.30537606216967,8117210422
2022-01-14T16:18:11Z,1977.25,0.83,131,44,1786,2043.22,40.03352573141456,-105.30538134276867,8117210422
2022-01-14T16:18:12Z,1977.9,0.83,132,0,1787,2043.22,40.033530090004206,-105.30538653954864,8117210422
2022-01-14T16:18:13Z,1978.84,0.877,131,0,1788,2043.22,40.03353713080287,-105.30539274215698,8117210422
2022-01-14T16:18:14Z,1979.72,0.886,131,45,1789,2043.6,40.03354400396347,-105.30539802275598,8117210422
2022-01-14T16:18:15Z,1980.54,0.886,131,45,1790,2043.6,40.03354995511472,-105.30540380626917,8117210422
2022-01-14T16:18:16Z,1981.33,0.896,131,45,1791,2044.61,40.033556409180164,-105.30540808103979,8117210422
2022-01-14T16:18:17Z,1981.93,0.896,131,45,1792,2044.61,40.033561857417226,-105.30541059561074,8117210422
2022-01-14T16:18:18Z,1982.84,0.886,131,45,1793,2044.61,40.033569568768144,-105.30541436746716,8117210422
2022-01-14T16:18:19Z,1983.85,0.849,131,45,1794,2044.61,40.03357828594744,-105.30541813932359,8117210422
2022-01-14T16:18:20Z,1984.91,0.849,131,45,1795,2044.61,40.03358792513609,-105.30541889369488,8117210422
2022-01-14T16:18:21Z,1986.15,0.858,132,45,1796,2045.73,40.033598905429244,-105.30542115680873,8117210422
2022-01-14T16:18:22Z,1987.02,0.868,132,45,1797,2045.73,40.03360661678016,-105.30542367137969,8117210422
2022-01-14T16:18:23Z,1987.46,0.896,133,0,1798,2045.73,40.03360996954143,-105.30542668886483,8117210422
2022-01-14T16:18:24Z,1988.57,0.896,133,0,1799,2046.11,40.03361977636814,-105.30542878434062,8117210422
2022-01-14T16:18:25Z,1989.09,0.868,134,0,1800,2046.11,40.03362447023392,-105.30543020926416,8117210422
2022-01-14T16:18:26Z,1989.5,0.849,135,40,1801,2047.27,40.03362807445228,-105.30543012544513,8117210422
2022-01-14T16:18:27Z,1990.5,0.83,135,40,1802,2047.27,40.033637126907706,-105.3054316341877,8117210422
2022-01-14T16:18:28Z,1991.89,0.784,135,40,1803,2047.27,40.03364961594343,-105.3054300416261,8117210422
2022-01-14T16:18:29Z,1992.97,0.784,135,40,1804,2046.83,40.033659003674984,-105.30542652122676,8117210422
2022-01-14T16:18:30Z,1993.85,0.877,135,40,1805,2047.82,40.03366679884493,-105.30542492866516,8117210422
2022-01-14T16:18:31Z,1994.6,0.896,135,58,1806,2047.82,40.03367333672941,-105.30542258173227,8117210422
2022-01-14T16:18:32Z,1995.36,0.914,135,58,1807,2047.82,40.03368020989001,-105.30542140826583,8117210422
2022-01-14T16:18:33Z,1996.54,0.914,134,58,1808,2047.82,40.033690771088004,-105.30542233027518,8117210422
2022-01-14T16:18:34Z,1998,0.914,135,58,1809,2048.79,40.03370384685695,-105.30542341992259,8117210422
2022-01-14T16:18:35Z,1998.67,1.026,135,58,1810,2048.79,40.0337097980082,-105.30542534776032,8117210422
2022-01-14T16:18:36Z,1999.27,1.054,134,0,1811,2049.23,40.03371356986463,-105.30543196946383,8117210422
2022-01-14T16:18:37Z,1999.94,1.054,134,0,1812,2049.23,40.03371759317815,-105.3054385073483,8117210422
2022-01-14T16:18:38Z,2000.81,0.98,134,0,1813,2049.23,40.03372471779585,-105.30544278211892,8117210422
2022-01-14T16:18:39Z,2001.44,0.933,135,0,1814,2049.23,40.03372966311872,-105.30544630251825,8117210422
2022-01-14T16:18:40Z,2002.24,0.914,135,0,1815,2050.29,40.033736787736416,-105.30544814653695,8117210422
2022-01-14T16:18:41Z,2002.88,0.886,135,0,1816,2050.29,40.03374240361154,-105.30544999055564,8117210422
2022-01-14T16:18:42Z,2003.55,0.886,135,0,1817,2050.29,40.033747935667634,-105.30545300804079,8117210422
2022-01-14T16:18:43Z,2004.3,0.868,136,0,1818,2050.29,40.03375455737114,-105.30545552261174,8117210422
2022-01-14T16:18:44Z,2005.21,0.849,136,0,1819,2050.29,40.033762184903026,-105.30545946210623,8117210422
2022-01-14T16:18:45Z,2006.15,0.849,136,0,1820,2051.66,40.033770482987165,-105.30546206049621,8117210422
2022-01-14T16:18:46Z,2007.4,0.849,137,0,1821,2051.94,40.0337790325284,-105.30547169968486,8117210422
2022-01-14T16:18:47Z,2008.32,0.858,136,0,1822,2051.94,40.033783139660954,-105.30548167414963,8117210422
2022-01-14T16:18:48Z,2009.6,0.868,136,0,1823,2051.94,40.033785654231906,-105.30549734830856,8117210422
2022-01-14T16:18:49Z,2010.83,0.877,136,48,1824,2052.22,40.033786157146096,-105.30551268719137,8117210422
2022-01-14T16:18:50Z,2011.83,0.886,137,48,1825,2052.22,40.03378883935511,-105.30552391894162,8117210422
2022-01-14T16:18:51Z,2013,0.905,136,48,1826,2052.48,40.033792946487665,-105.3055365756154,8117210422
2022-01-14T16:18:52Z,2014.07,0.924,137,48,1827,2052.48,40.03379864618182,-105.3055468853563,8117210422
2022-01-14T16:18:53Z,2014.71,0.952,137,48,1828,2052.48,40.03380107693374,-105.30555359087884,8117210422
2022-01-14T16:18:54Z,2015.13,0.952,137,48,1829,2053.62,40.03380208276212,-105.30555887147784,8117210422
2022-01-14T16:18:55Z,2015.49,0.942,137,52,1830,2053.62,40.03380350768566,-105.3055627271533,8117210422
2022-01-14T16:18:56Z,2016.29,0.905,137,52,1831,2053.62,40.033810967579484,-105.30556515790522,8117210422
2022-01-14T16:18:57Z,2017.06,0.849,137,52,1832,2053.62,40.033817337825894,-105.30556859448552,8117210422
2022-01-14T16:18:58Z,2017.91,0.849,136,52,1833,2053.66,40.033824210986495,-105.30557312071323,8117210422
2022-01-14T16:18:59Z,2019.25,0.849,136,52,1834,2053.66,40.033834520727396,-105.3055815026164,8117210422
2022-01-14T16:19:00Z,2020.6,0.849,136,52,1835,2054.62,40.03384432755411,-105.3055907227099,8117210422
2022-01-14T16:19:01Z,2021.95,0.896,136,52,1836,2054.62,40.03385522402823,-105.30559809878469,8117210422
2022-01-14T16:19:02Z,2022.88,0.942,136,44,1837,2054.62,40.03386293537915,-105.30560203827918,8117210422
2022-01-14T16:19:03Z,2023.73,0.97,137,44,1838,2054.62,40.0338707305491,-105.30560337938368,8117210422
2022-01-14T16:19:04Z,2024.61,0.97,137,44,1839,2055.32,40.0338776037097,-105.30560891143978,8117210422
2022-01-14T16:19:05Z,2025.58,0.961,137,44,1840,2055.32,40.033886237069964,-105.3056110907346,8117210422
2022-01-14T16:19:06Z,2026.64,0.961,137,44,1841,2055.32,40.03389528952539,-105.30561511404812,8117210422
2022-01-14T16:19:07Z,2027.54,0.961,137,44,1842,2055.32,40.03390216268599,-105.30562072992325,8117210422
2022-01-14T16:19:08Z,2028.49,0.989,137,44,1843,2056.3,40.03391004167497,-105.30562525615096,8117210422
2022-01-14T16:19:09Z,2029.14,0.989,137,0,1844,2056.3,40.033914651721716,-105.30563020147383,8117210422
2022-01-14T16:19:10Z,2029.95,0.989,137,0,1845,2056.3,40.03392018377781,-105.30563648790121,8117210422
2022-01-14T16:19:11Z,2030.91,0.961,137,0,1846,2055.99,40.03392864950001,-105.30563942156732,8117210422
2022-01-14T16:19:12Z,2031.59,0.961,137,0,1847,2055.99,40.033933594822884,-105.30564445070922,8117210422
2022-01-14T16:19:13Z,2032.13,0.952,137,0,1848,2055.99,40.033937534317374,-105.30564813874662,8117210422
2022-01-14T16:19:14Z,2032.47,0.942,137,0,1849,2055.99,40.03393988125026,-105.30565082095563,8117210422
2022-01-14T16:19:15Z,2032.51,0.905,137,0,1850,2055.99,40.033939965069294,-105.30565149150789,8117210422
2022-01-14T16:19:16Z,2033.44,0.858,136,0,1851,2057.13,40.033946335315704,-105.30565903522074,8117210422
2022-01-14T16:19:17Z,2034.19,0.802,136,0,1852,2057.13,40.03395295701921,-105.3056612983346,8117210422
2022-01-14T16:19:18Z,2035.17,0.793,135,0,1853,2057.13,40.03396075218916,-105.30566649511456,8117210422
2022-01-14T16:19:19Z,2036.14,0.793,135,0,1854,2057.13,40.03396804444492,-105.30567303299904,8117210422
2022-01-14T16:19:20Z,2036.84,0.802,135,0,1855,2056.91,40.033972822129726,-105.30567831359804,8117210422
2022-01-14T16:19:21Z,2037.27,0.812,134,0,1856,2056.91,40.033976677805185,-105.30567965470254,8117210422
2022-01-14T16:19:22Z,2037.43,0.812,134,0,1857,2058.27,40.0339775159955,-105.3056816663593,8117210422
2022-01-14T16:19:23Z,2037.97,0.793,134,0,1858,2058.27,40.033981539309025,-105.30567655339837,8117210422
2022-01-14T16:19:24Z,2038.59,0.756,133,0,1859,2058.52,40.03398505970836,-105.30567060224712,8117210422
2022-01-14T16:19:25Z,2039.3,0.737,133,0,1860,2058.52,40.03398816101253,-105.30566339381039,8117210422
2022-01-14T16:19:26Z,2039.97,0.728,133,0,1861,2058.52,40.03398950211704,-105.30565559864044,8117210422
2022-01-14T16:19:27Z,2040.65,0.728,133,0,1862,2058.52,40.0339933577925,-105.30564906075597,8117210422
2022-01-14T16:19:28Z,2041.45,0.718,133,0,1863,2058.52,40.033998638391495,-105.3056422714144,8117210422
2022-01-14T16:19:29Z,2042.16,0.718,134,0,1864,2058.81,40.03400324843824,-105.30563598498702,8117210422
2022-01-14T16:19:30Z,2042.78,0.728,134,0,1865,2058.81,40.03400718793273,-105.30563062056899,8117210422
2022-01-14T16:19:31Z,2043.31,0.728,134,0,1866,2058.81,40.03401079215109,-105.30562609434128,8117210422
2022-01-14T16:19:32Z,2044.32,0.728,134,0,1867,2060.29,40.034017162397504,-105.30561746098101,8117210422
2022-01-14T16:19:33Z,2045.12,0.728,133,0,1868,2060.29,40.034020179882646,-105.30560891143978,8117210422
2022-01-14T16:19:34Z,2045.64,0.728,133,0,1869,2060.49,40.03402185626328,-105.30560312792659,8117210422
2022-01-14T16:20:20Z,2046.5,0.019,100,58,1915,2060.29,40.03401389345527,-105.30560430139303,8117210422
2022-01-14T16:20:21Z,2047.23,1.437,101,58,1916,2060.49,40.03401950933039,-105.30559935607016,8117210422
2022-01-14T16:20:22Z,2048.47,0.793,103,58,1917,2060.49,40.03403057344258,-105.30559432692826,8117210422
2022-01-14T16:20:23Z,2049.24,0.793,103,58,1918,2060.49,40.034036776050925,-105.3055902197957,8117210422
2022-01-14T16:20:24Z,2050,0.868,100,0,1919,2060.49,40.03404247574508,-105.30558510683477,8117210422
2022-01-14T16:20:25Z,2050.67,0.868,98,0,1920,2060.49,40.03404624760151,-105.30557890422642,8117210422
2022-01-14T16:20:26Z,2051.62,0.802,97,0,1921,2061.97,40.034051947295666,-105.30557060614228,8117210422
2022-01-14T16:20:27Z,2052.52,0.802,96,0,1922,2062.19,40.034059239551425,-105.30556540936232,8117210422
2022-01-14T16:20:28Z,2053.84,0.868,96,0,1923,2062.19,40.034070052206516,-105.30555820092559,8117210422
2022-01-14T16:20:29Z,2055.28,0.886,97,0,1924,2063.79,40.034082708880305,-105.30555233359337,8117210422
2022-01-14T16:20:30Z,2056.37,1.026,98,0,1925,2063.79,40.03409218043089,-105.30554805882275,8117210422
2022-01-14T16:20:31Z,2057.13,1.129,98,0,1926,2063.79,40.03409871831536,-105.30554537661374,8117210422
2022-01-14T16:20:32Z,2057.94,1.129,99,0,1927,2063.79,40.034103244543076,-105.30553732998669,8117210422
2022-01-14T16:20:33Z,2058.81,0.952,101,0,1928,2064.14,40.034110117703676,-105.30553246848285,8117210422
2022-01-14T16:20:34Z,2059.63,0.914,104,0,1929,2064.14,40.03411632031202,-105.30552693642676,8117210422
2022-01-14T16:20:35Z,2060.29,0.896,105,0,1930,2065.83,40.03412160091102,-105.30552341602743,8117210422
2022-01-14T16:20:36Z,2060.87,0.877,105,0,1931,2065.83,40.03412595950067,-105.30551972799003,8117210422
2022-01-14T16:20:37Z,2061.61,0.821,106,0,1932,2065.83,40.03413023427129,-105.30551285482943,8117210422
2022-01-14T16:20:38Z,2062.08,0.774,105,0,1933,2065.83,40.03413408994675,-105.30551034025848,8117210422
2022-01-14T16:20:39Z,2062.59,0.756,106,0,1934,2065.83,40.0341381970793,-105.30550740659237,8117210422
2022-01-14T16:20:40Z,2063.54,0.718,107,0,1935,2065.83,40.034146159887314,-105.30550288036466,8117210422
2022-01-14T16:20:41Z,2064.03,0.709,108,0,1936,2065.83,40.03415085375309,-105.30550212599337,8117210422
2022-01-14T16:20:42Z,2064.76,0.7,109,0,1937,2067.52,40.03415772691369,-105.30550162307918,8117210422
2022-01-14T16:20:43Z,2065.46,0.7,109,45,1938,2067.52,40.034164348617196,-105.30550153926015,8117210422
2022-01-14T16:20:44Z,2065.67,0.7,109,45,1939,2067.52,40.03416652791202,-105.3055027127266,8117210422
2022-01-14T16:20:45Z,2065.94,0.69,110,45,1940,2067.52,40.03416879102588,-105.30550179071724,8117210422
2022-01-14T16:20:46Z,2066.38,0.653,111,45,1941,2067.52,40.03417222760618,-105.30549910850823,8117210422
2022-01-14T16:20:47Z,2066.69,0.606,111,45,1942,2067.52,40.03417516127229,-105.3054990246892,8117210422
2022-01-14T16:20:48Z,2067.33,0.597,111,45,1943,2067.97,40.03418102860451,-105.30549810267985,8117210422
2022-01-14T16:20:49Z,2067.8,0.597,112,45,1944,2067.97,40.03418505191803,-105.30549659393728,8117210422
2022-01-14T16:20:50Z,2068.18,0.588,112,45,1945,2069.55,40.03418890759349,-105.3054974321276,8117210422
2022-01-14T16:20:51Z,2068.61,0.588,112,45,1946,2069.55,40.03419276326895,-105.30549659393728,8117210422
2022-01-14T16:20:52Z,2068.92,0.579,113,45,1947,2069.55,40.03419544547796,-105.30549525283277,8117210422
2022-01-14T16:20:53Z,2069.51,0.569,114,45,1948,2069.55,40.03419829532504,-105.30548863112926,8117210422
2022-01-14T16:20:54Z,2069.89,0.56,114,45,1949,2069.55,40.03420206718147,-105.30548796057701,8117210422
2022-01-14T16:20:55Z,2069.99,0.56,115,45,1950,2069.55,40.03420298919082,-105.30549307353795,8117210422
2022-01-14T16:20:56Z,2070.29,0.56,116,45,1951,2069.55,40.03420550376177,-105.30549081042409,8117210422
2022-01-14T16:20:57Z,2070.88,0.541,118,45,1952,2069.55,40.0342106167227,-105.30548905022442,8117210422
2022-01-14T16:20:58Z,2072.01,0.532,119,45,1953,2069.55,40.034220507368445,-105.30548594892025,8117210422
2022-01-14T16:20:59Z,2072.9,0.532,120,45,1954,2070.82,40.03422771580517,-105.30548117123544,8117210422
2022-01-14T16:21:00Z,2073.9,0.56,120,45,1955,2070.82,40.0342365168035,-105.30547832138836,8117210422
2022-01-14T16:21:01Z,2074.86,0.579,121,45,1956,2070.82,40.0342436414212,-105.30547119677067,8117210422
2022-01-14T16:21:02Z,2075.83,0.597,122,45,1957,2070.82,40.03425193950534,-105.30546801164746,8117210422
2022-01-14T16:21:03Z,2076.63,0.616,124,45,1958,2072.32,40.03425797447562,-105.30546239577234,8117210422
2022-01-14T16:21:04Z,2077.49,0.634,124,45,1959,2072.32,40.03426518291235,-105.30545870773494,8117210422
2022-01-14T16:21:05Z,2078.13,0.644,125,45,1960,2072.32,40.03427012823522,-105.30545451678336,8117210422
2022-01-14T16:21:06Z,2078.43,0.653,126,45,1961,2072.32,40.03427213989198,-105.30545191839337,8117210422
2022-01-14T16:21:07Z,2078.88,0.653,127,45,1962,2072.32,40.03427633084357,-105.30545166693628,8117210422
2022-01-14T16:21:08Z,2079.23,0.653,128,0,1963,2072.32,40.03427926450968,-105.30544999055564,8117210422
2022-01-14T16:21:09Z,2079.69,0.653,129,0,1964,2072.32,40.03428244963288,-105.30544588342309,8117210422
2022-01-14T16:21:10Z,2080.03,0.634,129,0,1965,2072.32,40.034284042194486,-105.30544211156666,8117210422
2022-01-14T16:21:11Z,2080.7,0.616,129,0,1966,2072.32,40.034286472946405,-105.30543473549187,8117210422
2022-01-14T16:21:12Z,2081.59,0.579,130,0,1967,2072.82,40.03428923897445,-105.3054247610271,8117210422
2022-01-14T16:21:13Z,2082.59,0.579,130,0,1968,2072.82,40.03429242409766,-105.30541352927685,8117210422
2022-01-14T16:21:14Z,2083.35,0.606,131,0,1969,2073.85,40.034295693039894,-105.30540581792593,8117210422
2022-01-14T16:21:15Z,2084.49,0.625,131,0,1970,2074.75,40.034298123791814,-105.30539274215698,8117210422
2022-01-14T16:21:16Z,2085.54,0.625,131,0,1971,2074.75,40.03429560922086,-105.30538033694029,8117210422
2022-01-14T16:21:17Z,2086.47,0.662,131,0,1972,2074.75,40.034297620877624,-105.30536969192326,8117210422
2022-01-14T16:21:18Z,2087.29,0.681,131,0,1973,2074.75,40.034303069114685,-105.30536181293428,8117210422
2022-01-14T16:21:19Z,2088.25,0.69,131,0,1974,2075.96,40.03430834971368,-105.30535250902176,8117210422
2022-01-14T16:21:20Z,2089.43,0.7,131,0,1975,2075.96,40.03431958146393,-105.30534747987986,8117210422
2022-01-14T16:21:21Z,2090.26,0.709,132,0,1976,2075.96,40.03432628698647,-105.30534303747118,8117210422
2022-01-14T16:21:22Z,2090.97,0.737,132,0,1977,2076.99,40.03433366306126,-105.30534328892827,8117210422
2022-01-14T16:21:23Z,2092.06,0.737,132,58,1978,2076.99,40.0343438051641,-105.30534530058503,8117210422
2022-01-14T16:21:24Z,2093.77,0.737,133,58,1979,2076.99,40.0343591440469,-105.30534454621375,8117210422
2022-01-14T16:21:25Z,2094.55,0.765,133,0,1980,2077.57,40.0343662686646,-105.3053449653089,8117210422
2022-01-14T16:21:26Z,2095.32,0.802,134,0,1981,2077.57,40.03437305800617,-105.30534245073795,8117210422
2022-01-14T16:21:27Z,2096.09,0.802,134,0,1982,2077.57,40.03437766805291,-105.30533507466316,8117210422
2022-01-14T16:21:28Z,2097.34,0.784,135,47,1983,2078.55,40.03438378684223,-105.3053227532655,8117210422
2022-01-14T16:21:29Z,2098.26,0.793,135,47,1984,2078.55,40.03438864834607,-105.30531395226717,8117210422
2022-01-14T16:21:30Z,2099,0.942,136,47,1985,2078.55,40.034390576183796,-105.305305570364,8117210422
2022-01-14T16:21:31Z,2099.66,0.942,136,47,1986,2078.55,40.034391498193145,-105.30529760755599,8117210422
2022-01-14T16:24:59Z,2099.66,0.504,82,58,2194,2078.4,40.03441748209298,-105.30531738884747,8117210422
2022-01-14T16:25:00Z,2100.12,1.437,83,58,2195,2078.4,40.0344143807888,-105.30532107688487,8117210422
2022-01-14T16:25:01Z,2100.94,0.485,84,58,2196,2077.72,40.03440733999014,-105.30532476492226,8117210422
2022-01-14T16:25:02Z,2101.9,0.485,85,58,2197,2077.72,40.03439895808697,-105.30532753095031,8117210422
2022-01-14T16:25:03Z,2102.79,0.737,86,58,2198,2077.57,40.03439074382186,-105.30532836914062,8117210422
2022-01-14T16:25:04Z,2103.52,0.858,88,58,2199,2077.57,40.034384205937386,-105.30532903969288,8117210422
2022-01-14T16:25:05Z,2104.65,0.858,90,58,2200,2077.57,40.034373980015516,-105.30532945878804,8117210422
2022-01-14T16:25:06Z,2105.49,0.858,90,58,2201,2077.57,40.034366520121694,-105.30532736331224,8117210422
2022-01-14T16:25:07Z,2105.99,0.849,91,58,2202,2076.99,40.03436207771301,-105.30532971024513,8117210422
2022-01-14T16:25:08Z,2106.48,0.849,91,58,2203,2076.99,40.03435797058046,-105.30533256009221,8117210422
2022-01-14T16:25:09Z,2106.9,0.672,92,58,2204,2076.99,40.034355791285634,-105.3053380921483,8117210422
2022-01-14T16:25:10Z,2107.3,0.606,93,58,2205,2076.99,40.034354366362095,-105.30534295365214,8117210422
2022-01-14T16:25:11Z,2108.66,0.569,94,58,2206,2075.75,40.03435260616243,-105.30535913072526,8117210422
2022-01-14T16:25:12Z,2109.87,0.569,95,58,2207,2075.75,40.03434573300183,-105.30537027865648,8117210422
2022-01-14T16:25:13Z,2110.92,0.728,95,58,2208,2075.75,40.03434028476477,-105.30538042075932,8117210422
2022-01-14T16:25:14Z,2112.12,1.026,96,58,2209,2075.75,40.03433542326093,-105.30539299361408,8117210422
2022-01-14T16:25:15Z,2113.18,1.073,98,58,2210,2074.68,40.034330897033215,-105.30540405772626,8117210422
2022-01-14T16:25:16Z,2114.39,1.101,99,58,2211,2073.85,40.03432176075876,-105.3054126072675,8117210422
2022-01-14T16:25:17Z,2115.62,1.11,101,58,2212,2073.85,40.034310445189476,-105.30541679821908,8117210422
2022-01-14T16:25:18Z,2116.56,1.148,102,58,2213,2073.85,40.03430323675275,-105.30542249791324,8117210422
2022-01-14T16:25:19Z,2117.41,1.148,104,58,2214,2073.85,40.03429493866861,-105.30542165972292,8117210422
2022-01-14T16:25:20Z,2118.16,1.12,106,58,2215,2072.82,40.0342883169651,-105.30542283318937,8117210422
2022-01-14T16:25:21Z,2119.19,0.989,107,58,2216,2072.82,40.03427968360484,-105.30542769469321,8117210422
2022-01-14T16:25:22Z,2120.02,0.942,108,58,2217,2072.82,40.03427205607295,-105.3054281976074,8117210422
2022-01-14T16:25:23Z,2120.96,0.924,108,58,2218,2072.32,40.03426409326494,-105.30543196946383,8117210422
2022-01-14T16:25:24Z,2121.83,0.933,109,58,2219,2072.32,40.034259567037225,-105.3054437879473,8117210422
2022-01-14T16:25:25Z,2122.76,0.933,109,58,2220,2071.24,40.03425294533372,-105.30545158311725,8117210422
2022-01-14T16:25:26Z,2123.75,0.942,109,58,2221,2071.24,40.034246826544404,-105.30546164140105,8117210422
2022-01-14T16:25:27Z,2124.28,0.942,109,58,2222,2070.82,40.03424456343055,-105.30546851456165,8117210422
2022-01-14T16:25:28Z,2124.88,0.942,109,58,2223,2070.82,40.0342399533838,-105.30547211878002,8117210422
2022-01-14T16:25:29Z,2125.58,0.914,109,58,2224,2070.82,40.034233666956425,-105.30547379516065,8117210422
2022-01-14T16:25:30Z,2126.4,0.886,109,58,2225,2070.82,40.03422696143389,-105.30547773465514,8117210422
2022-01-14T16:25:31Z,2127.3,0.858,109,58,2226,2069.55,40.03421883098781,-105.30547949485481,8117210422
2022-01-14T16:25:32Z,2128.18,0.849,109,58,2227,2069.55,40.03421229310334,-105.30548552982509,8117210422
2022-01-14T16:25:33Z,2128.85,0.83,109,58,2228,2069.55,40.03420868888497,-105.30549265444279,8117210422
2022-01-14T16:25:34Z,2129.53,0.821,109,58,2229,2069.55,40.03420282155275,-105.30549500137568,8117210422
2022-01-14T16:25:35Z,2130.34,0.7,109,58,2230,2069.55,40.034195529296994,-105.30549617484212,8117210422
2022-01-14T16:25:36Z,2131.03,0.7,109,58,2231,2069.55,40.03418949432671,-105.30549793504179,8117210422
2022-01-14T16:25:37Z,2131.74,0.709,109,63,2232,2067.52,40.0341831240803,-105.30549944378436,8117210422
2022-01-14T16:25:38Z,2131.87,0.718,109,63,2233,2067.52,40.03418278880417,-105.30550346709788,8117210422
2022-01-14T16:25:39Z,2133.37,0.709,108,63,2234,2067.52,40.034178011119366,-105.30552048236132,8117210422
2022-01-14T16:25:40Z,2134.53,0.718,109,63,2235,2067.52,40.03416954539716,-105.30552886426449,8117210422
2022-01-14T16:25:41Z,2136.11,0.98,109,63,2236,2066.97,40.034157391637564,-105.30553883872926,8117210422
2022-01-14T16:25:42Z,2137.19,0.998,110,63,2237,2065.39,40.034150602295995,-105.30554805882275,8117210422
2022-01-14T16:25:43Z,2138.7,0.998,110,63,2238,2065.39,40.03413970582187,-105.30555853620172,8117210422
2022-01-14T16:25:44Z,2139.97,1.232,110,63,2239,2065.39,40.034131072461605,-105.30556834302843,8117210422
2022-01-14T16:25:45Z,2141.2,1.166,112,63,2240,2064.95,40.03412403166294,-105.30557982623577,8117210422
2022-01-14T16:25:46Z,2142.37,1.176,112,63,2241,2064.95,40.034117409959435,-105.3055904712528,8117210422
2022-01-14T16:25:47Z,2144.11,1.157,113,63,2242,2063.24,40.03410584293306,-105.30560413375497,8117210422
2022-01-14T16:25:48Z,2145.4,1.157,114,63,2243,2063.24,40.034095952287316,-105.30561226420105,8117210422
2022-01-14T16:25:49Z,2146.61,1.25,115,63,2244,2063.24,40.0340879894793,-105.30562207102776,8117210422
2022-01-14T16:25:50Z,2148.13,1.25,116,63,2245,2061.8,40.034077344462276,-105.30563338659704,8117210422
2022-01-14T16:25:51Z,2149.75,1.25,116,63,2246,2061.64,40.03406619653106,-105.3056457079947,8117210422
2022-01-14T16:25:52Z,2151.4,1.278,116,63,2247,2061.64,40.03405504859984,-105.30565853230655,8117210422
2022-01-14T16:25:53Z,2152.94,1.325,116,63,2248,2060.07,40.03404666669667,-105.30567294918,8117210422
2022-01-14T16:25:54Z,2154.29,1.353,117,63,2249,2059.84,40.034038200974464,-105.30568434856832,8117210422
2022-01-14T16:25:55Z,2155.86,1.372,117,63,2250,2059.84,40.03402973525226,-105.3056991007179,8117210422
2022-01-14T16:25:56Z,2157.76,1.372,117,63,2251,2059.75,40.034017665311694,-105.30571511015296,8117210422
2022-01-14T16:25:57Z,2159.26,1.381,118,63,2252,2058.33,40.03400852903724,-105.30572902411222,8117210422
2022-01-14T16:25:58Z,2160.27,1.418,118,63,2253,2058.33,40.03399872221053,-105.30573313124478,8117210422
2022-01-14T16:25:59Z,2161.47,1.418,119,63,2254,2058.33,40.03398849628866,-105.30572835355997,8117210422
2022-01-14T16:26:00Z,2162.77,1.418,120,63,2255,2058.33,40.033977599814534,-105.30572240240872,8117210422
2022-01-14T16:26:01Z,2163.94,1.418,121,63,2256,2057.08,40.03396921791136,-105.30571368522942,8117210422
2022-01-14T16:26:02Z,2165.41,1.418,121,63,2257,2056.91,40.03395773470402,-105.30570513568819,8117210422
2022-01-14T16:26:03Z,2166.86,1.4,123,63,2258,2056.91,40.033946335315704,-105.30569675378501,8117210422
2022-01-14T16:26:04Z,2168.25,1.39,123,63,2259,2055.79,40.033935187384486,-105.30568954534829,8117210422
2022-01-14T16:26:05Z,2170.11,1.39,124,63,2260,2055.79,40.033921021968126,-105.30567781068385,8117210422
2022-01-14T16:26:06Z,2171.79,1.39,124,63,2261,2055.99,40.03390836529434,-105.30566666275263,8117210422
2022-01-14T16:26:07Z,2173.49,1.4,125,63,2262,2055.07,40.033896965906024,-105.30565350316465,8117210422
2022-01-14T16:26:08Z,2175.34,1.409,125,63,2263,2055.32,40.03388690762222,-105.30563615262508,8117210422
2022-01-14T16:26:09Z,2177.73,1.418,125,63,2264,2054.46,40.033869137987494,-105.30562039464712,8117210422
2022-01-14T16:26:10Z,2180.03,1.428,126,63,2265,2054.46,40.03384935669601,-105.30561167746782,8117210422
2022-01-14T16:26:11Z,2181.86,1.456,126,63,2266,2053.66,40.03383410163224,-105.30560346320271,8117210422
2022-01-14T16:26:12Z,2183.49,1.474,127,63,2267,2053.66,40.033821277320385,-105.305593656376,8117210422
2022-01-14T16:26:13Z,2185.36,1.829,127,63,2268,2053.66,40.033811051398516,-105.30557605437934,8117210422
2022-01-14T16:26:14Z,2187.65,1.829,128,63,2269,2052.48,40.03379948437214,-105.30555308796465,8117210422
2022-01-14T16:26:15Z,2190.53,2.09,128,63,2270,2052.22,40.033786576241255,-105.30552366748452,8117210422
2022-01-14T16:26:16Z,2192.97,2.258,129,63,2271,2052.22,40.03377174027264,-105.30550237745047,8117210422
2022-01-14T16:26:17Z,2195.18,2.258,130,63,2272,2050.64,40.03375447355211,-105.30548955313861,8117210422
2022-01-14T16:26:18Z,2197.29,2.221,131,63,2273,2050.64,40.03373745828867,-105.30547806993127,8117210422
2022-01-14T16:26:19Z,2199.23,2.081,132,63,2274,2049.64,40.033723125234246,-105.30546507798135,8117210422
2022-01-14T16:26:20Z,2200.9,2.006,133,63,2275,2049.23,40.03371013328433,-105.3054543491453,8117210422
2022-01-14T16:26:21Z,2202.24,1.903,134,63,2276,2049.23,40.03369848243892,-105.30544605106115,8117210422
2022-01-14T16:26:22Z,2203.71,1.81,134,63,2277,2048.3,40.033685406669974,-105.30544253066182,8117210422
2022-01-14T16:26:23Z,2205.25,1.642,135,63,2278,2048.3,40.03367149271071,-105.3054419439286,8117210422
2022-01-14T16:26:24Z,2206.33,1.642,135,63,2279,2048.3,40.03366176970303,-105.30544093810022,8117210422
2022-01-14T16:26:25Z,2207.03,1.596,135,63,2280,2047.27,40.03365539945662,-105.30544085428119,8117210422
2022-01-14T16:26:26Z,2207.77,1.428,135,63,2281,2047.27,40.033648777753115,-105.30543976463377,8117210422
2022-01-14T16:26:27Z,2208.56,1.213,135,63,2282,2047.27,40.03364182077348,-105.30543766915798,8117210422
2022-01-14T16:26:28Z,2209.26,1.092,135,63,2283,2047.27,40.03363528288901,-105.30543884262443,8117210422
2022-01-14T16:26:29Z,2210.35,1.017,135,63,2284,2047.27,40.03362606279552,-105.30543364584446,8117210422
2022-01-14T16:26:30Z,2211.19,0.98,134,63,2285,2046.11,40.033619021996856,-105.30543037690222,8117210422
2022-01-14T16:26:31Z,2212.26,0.942,134,81,2286,2045.73,40.033609634265304,-105.30542719177902,8117210422
2022-01-14T16:26:32Z,2213.18,0.98,133,81,2287,2045.73,40.03360267728567,-105.30542098917067,8117210422
2022-01-14T16:26:33Z,2214.04,1.017,133,81,2288,2045.73,40.03359563648701,-105.30541696585715,8117210422
2022-01-14T16:26:34Z,2215.11,1.017,133,81,2289,2044.61,40.03358809277415,-105.3054091706872,8117210422
2022-01-14T16:26:35Z,2216.18,1.017,132,81,2290,2044.61,40.033578956499696,-105.30540405772626,8117210422
2022-01-14T16:26:36Z,2216.92,1.064,132,81,2291,2044.61,40.033572586253285,-105.30540095642209,8117210422
2022-01-14T16:26:37Z,2218.14,1.12,132,81,2292,2044.61,40.03356210887432,-105.3053951729089,8117210422
2022-01-14T16:26:38Z,2218.98,1.12,132,81,2293,2043.6,40.03355322405696,-105.30539534054697,8117210422
2022-01-14T16:26:39Z,2219.69,1.026,131,81,2294,2043.22,40.03354894928634,-105.30538905411959,8117210422
2022-01-14T16:26:40Z,2220.6,1.026,131,81,2295,2043.22,40.03353972919285,-105.3053867071867,8117210422
2022-01-14T16:26:41Z,2222.02,0.998,131,81,2296,2043.22,40.033527659252286,-105.30538075603545,8117210422
2022-01-14T16:26:42Z,2224.24,0.998,131,81,2297,2042.12,40.03350737504661,-105.30537740327418,8117210422
2022-01-14T16:26:43Z,2226.42,1.241,130,81,2298,2042.12,40.03348826430738,-105.30537128448486,8117210422
2022-01-14T16:26:44Z,2228.16,1.717,130,81,2299,2040.99,40.03347317688167,-105.30536508187652,8117210422
2022-01-14T16:26:45Z,2229.86,1.726,129,81,2300,2040.99,40.03345800563693,-105.30536256730556,8117210422
2022-01-14T16:26:46Z,2231.68,1.698,129,81,2301,2039.95,40.03344099037349,-105.30536441132426,8117210422
2022-01-14T16:26:47Z,2233.05,1.698,129,81,2302,2039.95,40.03342816606164,-105.30535887926817,8117210422
2022-01-14T16:26:48Z,2234.14,1.642,129,81,2303,2039.06,40.03342078998685,-105.30534898862243,8117210422
2022-01-14T16:26:49Z,2235.12,1.54,129,81,2304,2039.06,40.03341534174979,-105.305339936167,8117210422
2022-01-14T16:26:50Z,2236.56,1.297,129,81,2305,2038.18,40.03340620547533,-105.30532786622643,8117210422
2022-01-14T16:26:51Z,2237.89,1.222,129,78,2306,2037.36,40.033395644277334,-105.30532040633261,8117210422
2022-01-14T16:26:52Z,2239.13,1.204,129,78,2307,2037.36,40.03338566981256,-105.30531353317201,8117210422
2022-01-14T16:26:53Z,2240.32,1.222,129,78,2308,2036.73,40.033375695347786,-105.3053074143827,8117210422
2022-01-14T16:26:54Z,2241.76,1.222,127,78,2309,2036.73,40.03336454741657,-105.30529878102243,8117210422
2022-01-14T16:26:55Z,2242.86,1.26,127,78,2310,2036.73,40.03335549496114,-105.3052934166044,8117210422
2022-01-14T16:26:56Z,2244.2,1.25,127,78,2311,2036.42,40.03334275446832,-105.3052936680615,8117210422
2022-01-14T16:26:57Z,2245.35,1.25,126,78,2312,2036.42,40.033332696184516,-105.3052902314812,8117210422
2022-01-14T16:26:58Z,2247.04,1.25,125,78,2313,2036.42,40.033317022025585,-105.30528830364347,8117210422
2022-01-14T16:26:59Z,2248.27,1.306,124,78,2314,2034.91,40.03330545499921,-105.30528386123478,8117210422
2022-01-14T16:27:00Z,2249.33,1.446,123,78,2315,2034.91,40.03329874947667,-105.3052741382271,8117210422
2022-01-14T16:27:01Z,2250.18,1.446,123,78,2316,2034.91,40.03329489380121,-105.30526550486684,8117210422
2022-01-14T16:27:02Z,2251.12,1.008,122,78,2317,2034.91,40.0332887750119,-105.30525796115398,8117210422
2022-01-14T16:27:03Z,2251.89,1.008,121,78,2318,2033.58,40.03328315913677,-105.30525226145983,8117210422
2022-01-14T16:27:04Z,2252.91,1.008,120,78,2319,2033.58,40.033277459442616,-105.30524270609021,8117210422
2022-01-14T16:27:05Z,2254.2,1.008,120,78,2320,2033.54,40.03326782025397,-105.30523432418704,8117210422
2022-01-14T16:27:06Z,2255.55,1.129,119,78,2321,2033.54,40.0332575943321,-105.30522527173162,8117210422
2022-01-14T16:27:07Z,2256.69,1.241,119,78,2322,2032.15,40.033252481371164,-105.30521378852427,8117210422
2022-01-14T16:27:08Z,2257.66,1.25,119,78,2323,2032.15,40.03325323574245,-105.30520230531693,8117210422
2022-01-14T16:27:09Z,2259.14,1.241,119,42,2324,2032.15,40.03325290046632,-105.3051847871393,8117210422
2022-01-14T16:27:10Z,2259.81,1.064,119,42,2325,2030.86,40.03324829041958,-105.30517816543579,8117210422
2022-01-14T16:27:11Z,2261.13,1.036,119,42,2326,2030.82,40.033236891031265,-105.30517389066517,8117210422
2022-01-14T16:27:12Z,2262.11,0.905,119,42,2327,2030.82,40.03322917968035,-105.3051676042378,8117210422
2022-01-14T16:27:13Z,2263.29,0.868,119,42,2328,2030.82,40.0332195404917,-105.30516131781042,8117210422
2022-01-14T16:27:14Z,2264.64,0.905,119,42,2329,2030.82,40.03320830874145,-105.30515511520207,8117210422
2022-01-14T16:27:15Z,2266.12,0.924,119,42,2330,2029.52,40.033197747543454,-105.30514363199472,8117210422
2022-01-14T16:27:16Z,2268.07,0.989,119,42,2331,2029.52,40.033183163031936,-105.30513080768287,8117210422
2022-01-14T16:27:17Z,2270.58,1.082,119,42,2332,2029.88,40.03316321410239,-105.30511672608554,8117210422
2022-01-14T16:27:18Z,2273.57,1.232,118,42,2333,2028.39,40.03313873894513,-105.305102057755,8117210422
2022-01-14T16:27:19Z,2276.27,1.306,118,42,2334,2028.8,40.033116191625595,-105.30509015545249,8117210422
2022-01-14T16:27:20Z,2278.79,1.39,118,42,2335,2029.11,40.03309456631541,-105.30508127063513,8117210422
2022-01-14T16:27:21Z,2281.12,1.614,118,42,2336,2027.63,40.03307436592877,-105.30507322400808,8117210422
2022-01-14T16:27:22Z,2283.34,1.614,118,42,2337,2027.85,40.03305642865598,-105.30506157316267,8117210422
2022-01-14T16:27:23Z,2285.68,1.596,118,42,2338,2027.85,40.033038072288036,-105.30504824593663,8117210422
2022-01-14T16:27:24Z,2288.71,1.596,118,87,2339,2026.69,40.03301544114947,-105.30502829700708,8117210422
2022-01-14T16:27:25Z,2292.18,1.782,119,87,2340,2025.64,40.03298928961158,-105.30500600114465,8117210422
2022-01-14T16:27:26Z,2295.7,2.743,120,86,2341,2025.64,40.03296255134046,-105.30498345382512,8117210422
2022-01-14T16:27:27Z,2299.17,3.014,121,86,2342,2024.7,40.03293371759355,-105.30496761202812,8117210422
2022-01-14T16:27:28Z,2302.48,3.014,122,87,2343,2024.85,40.03290597349405,-105.30495369806886,8117210422
2022-01-14T16:27:29Z,2305.32,2.958,123,87,2344,2024.9,40.03288032487035,-105.30495109967887,8117210422
2022-01-14T16:27:30Z,2307.48,2.921,123,89,2345,2024.9,40.03286146558821,-105.30494506470859,8117210422
2022-01-14T16:27:31Z,2309.38,2.725,124,89,2346,2024.08,40.03284771926701,-105.30493140220642,8117210422
2022-01-14T16:27:32Z,2311.01,2.435,125,89,2347,2024.08,40.032842019572854,-105.3049136325717,8117210422
2022-01-14T16:27:33Z,2312.42,1.885,126,89,2348,2023.42,40.03283749334514,-105.30489820986986,8117210422
2022-01-14T16:27:34Z,2313.89,1.885,125,89,2349,2023.42,40.032830368727446,-105.30488370917737,8117210422
2022-01-14T16:27:35Z,2315.41,1.885,126,89,2350,2023.42,40.03282240591943,-105.30486887320876,8117210422
2022-01-14T16:27:36Z,2316.77,1.903,125,89,2351,2022.34,40.03281410783529,-105.30485705472529,8117210422
2022-01-14T16:27:37Z,2318.07,1.903,124,89,2352,2022.34,40.03280463628471,-105.30484800226986,8117210422
2022-01-14T16:27:38Z,2319.71,1.717,123,89,2353,2022.34,40.03279248252511,-105.30483693815768,8117210422
2022-01-14T16:27:39Z,2322.04,1.717,123,89,2354,2021.07,40.032777143642306,-105.3048182465136,8117210422
2022-01-14T16:27:40Z,2325.13,1.819,123,89,2355,2020.26,40.032756105065346,-105.30479410663247,8117210422
2022-01-14T16:27:41Z,2328.46,2.053,123,89,2356,2020,40.03273095935583,-105.30477264896035,8117210422
2022-01-14T16:27:42Z,2331.7,2.389,123,89,2357,2019.4,40.032704221084714,-105.30475756153464,8117210422
2022-01-14T16:27:43Z,2334.81,2.967,124,89,2358,2019.4,40.03267899155617,-105.30474163591862,8117210422
2022-01-14T16:27:44Z,2337.75,2.967,124,89,2359,2019.28,40.032653007656336,-105.30473501421511,8117210422
2022-01-14T16:27:45Z,2340.53,2.846,125,89,2360,2018.94,40.03262828104198,-105.30472923070192,8117210422
2022-01-14T16:27:46Z,2343.11,2.706,125,89,2361,2018.81,40.03260573372245,-105.30472185462713,8117210422
2022-01-14T16:27:47Z,2346.06,2.706,125,89,2362,2018.81,40.032580755651,-105.30471020378172,8117210422
2022-01-14T16:27:48Z,2348.72,2.706,125,89,2363,2018.03,40.03255879506469,-105.30469763092697,8117210422
2022-01-14T16:27:49Z,2350.66,2.697,126,89,2364,2017.95,40.032543456181884,-105.30468598008156,8117210422
2022-01-14T16:27:50Z,2352.07,2.659,127,86,2365,2017.04,40.03253339789808,-105.30467592179775,8117210422
2022-01-14T16:27:51Z,2353.74,2.389,127,86,2366,2017.04,40.032519064843655,-105.30466930009425,8117210422
2022-01-14T16:27:52Z,2355.38,2.118,128,86,2367,2017.04,40.032505905255675,-105.30465982854366,8117210422
2022-01-14T16:27:53Z,2356.41,2.053,128,86,2368,2015.69,40.032500457018614,-105.3046493511647,8117210422
2022-01-14T16:27:54Z,2357.3,1.997,128,86,2369,2015.69,40.03250171430409,-105.30463887378573,8117210422
2022-01-14T16:27:55Z,2358.17,1.913,128,86,2370,2016.54,40.032503390684724,-105.30462881550193,8117210422
2022-01-14T16:27:56Z,2359.22,1.67,128,86,2371,2015.86,40.03250825218856,-105.30461825430393,8117210422
2022-01-14T16:27:57Z,2359.99,1.334,129,86,2372,2015.86,40.03251235932112,-105.30461096204817,8117210422
2022-01-14T16:27:58Z,2360.22,1.185,129,86,2373,2015.86,40.03251059912145,-105.3046081122011,8117210422
2022-01-14T16:27:59Z,2360.75,0.849,129,86,2374,2015.86,40.03250724636018,-105.30460341833532,8117210422
2022-01-14T16:28:00Z,2361.5,0.849,128,86,2375,2015.86,40.03250263631344,-105.30459688045084,8117210422
2022-01-14T16:28:01Z,2362.05,0.821,127,68,2376,2015.23,40.032499032095075,-105.30459243804216,8117210422
2022-01-14T16:28:02Z,2362.48,0.662,126,68,2377,2015.23,40.032496601343155,-105.30458841472864,8117210422
2022-01-14T16:28:03Z,2363.27,0.662,125,68,2378,2014.71,40.03249241039157,-105.30458095483482,8117210422
2022-01-14T16:28:04Z,2364.23,0.662,124,77,2379,2014.71,40.03248461522162,-105.30457584187388,8117210422
2022-01-14T16:28:05Z,2365.25,0.756,122,77,2380,2014.71,40.032476568594575,-105.30456989072263,8117210422
2022-01-14T16:28:06Z,2366.38,0.905,122,77,2381,2014.71,40.03246801905334,-105.30456243082881,8117210422
2022-01-14T16:28:07Z,2367.36,1.008,121,77,2382,2013.91,40.03246106207371,-105.30455513857305,8117210422
2022-01-14T16:28:08Z,2368.09,1.054,121,77,2383,2013.12,40.032455613836646,-105.30455002561212,8117210422
2022-01-14T16:28:09Z,2369.36,1.054,121,77,2384,2013.12,40.032444298267365,-105.30454826541245,8117210422
2022-01-14T16:28:10Z,2370.4,1.054,121,77,2385,2013.12,40.03243491053581,-105.30454742722213,8117210422
2022-01-14T16:28:11Z,2371.35,1.101,122,77,2386,2011.95,40.03242711536586,-105.30454239808023,8117210422
2022-01-14T16:28:12Z,2372.46,1.101,122,77,2387,2011.95,40.03241772763431,-105.30453778803349,8117210422
2022-01-14T16:28:13Z,2373.11,1.101,123,77,2388,2011.95,40.03241378813982,-105.30453108251095,8117210422
2022-01-14T16:28:14Z,2373.6,1.073,124,77,2389,2011.95,40.032414542511106,-105.30452278442681,8117210422
2022-01-14T16:28:15Z,2374.32,0.942,124,77,2390,2010.73,40.03241378813982,-105.30451398342848,8117210422
2022-01-14T16:28:16Z,2375.21,0.84,124,77,2391,2010.73,40.03241219557822,-105.30450367368758,8117210422
2022-01-14T16:28:17Z,2376.46,0.84,123,77,2392,2010.73,40.032407669350505,-105.3044902626425,8117210422
2022-01-14T16:28:18Z,2377.71,0.886,123,77,2393,2010.73,40.03239870071411,-105.30448121018708,8117210422
2022-01-14T16:28:19Z,2378.94,1.12,124,77,2394,2008.59,40.032391073182225,-105.30447064898908,8117210422
2022-01-14T16:28:20Z,2380.12,1.166,124,77,2395,2008.59,40.03238403238356,-105.30446033924818,8117210422
2022-01-14T16:28:21Z,2381.14,1.176,124,77,2396,2008.59,40.03237808123231,-105.30445111915469,8117210422
2022-01-14T16:28:22Z,2382.23,1.176,123,68,2397,2008.59,40.0323682744056,-105.30444852076471,8117210422
2022-01-14T16:28:23Z,2383.58,1.082,122,66,2398,2007.65,40.03235628828406,-105.30445237644017,8117210422
2022-01-14T16:28:24Z,2384.91,1.082,122,66,2399,2007.65,40.03234438598156,-105.3044538013637,8117210422
2022-01-14T16:28:25Z,2386.3,1.101,121,66,2400,2007.65,40.032331896945834,-105.30445505864918,8117210422
2022-01-14T16:28:26Z,2387.93,1.166,120,66,2401,2006.59,40.03231714479625,-105.30445497483015,8117210422
2022-01-14T16:28:27Z,2389.52,1.232,120,66,2402,2006.59,40.032303063198924,-105.30445078387856,8117210422
2022-01-14T16:28:28Z,2391.26,1.306,120,66,2403,2005.49,40.03228772431612,-105.30444676056504,8117210422
2022-01-14T16:28:29Z,2392.75,1.372,120,66,2404,2005.49,40.03227406181395,-105.30444776639342,8117210422
2022-01-14T16:28:30Z,2394.13,1.409,120,66,2405,2005.49,40.03226383589208,-105.30445690266788,8117210422
2022-01-14T16:28:31Z,2395.14,1.409,121,66,2406,2004.43,40.03225562162697,-105.30446260236204,8117210422
2022-01-14T16:28:32Z,2396.29,1.372,122,66,2407,2004.43,40.032245395705104,-105.30446503311396,8117210422
2022-01-14T16:28:33Z,2397.46,1.12,122,66,2408,2004.43,40.03223441541195,-105.30446344055235,8117210422
2022-01-14T16:28:34Z,2398.8,1.12,121,66,2409,2004.43,40.032225362956524,-105.30445287935436,8117210422
2022-01-14T16:28:35Z,2400.51,1.129,120,66,2410,2003.09,40.03221396356821,-105.30443930067122,8117210422
2022-01-14T16:28:36Z,2402.3,1.222,120,66,2411,2003.09,40.03220164217055,-105.30442588962615,8117210422
2022-01-14T16:28:37Z,2404.05,1.316,120,66,2412,2003.09,40.03218806348741,-105.30441516079009,8117210422
2022-01-14T16:28:38Z,2406.1,1.428,119,66,2413,2001.63,40.03217054530978,-105.30440686270595,8117210422
2022-01-14T16:28:39Z,2408.93,1.465,119,66,2414,2000.77,40.0321454834193,-105.30440032482147,8117210422
2022-01-14T16:28:40Z,2412.11,1.549,120,66,2415,2000.77,40.03211681731045,-105.30440015718341,8117210422
2022-01-14T16:28:41Z,2415.24,1.689,121,96,2416,2000.01,40.03208882175386,-105.30440501868725,8117210422
2022-01-14T16:28:42Z,2417.76,2.006,121,96,2417,1999.41,40.03206627443433,-105.30440216884017,8117210422
2022-01-14T16:28:43Z,2420.74,2.603,122,96,2418,1998.92,40.03204012289643,-105.30439420603216,8117210422
2022-01-14T16:28:44Z,2424.38,2.734,122,96,2419,1998.5,40.032008020207286,-105.3043848183006,8117210422
2022-01-14T16:28:45Z,2428.01,2.734,122,96,2420,1998.3,40.03197700716555,-105.3043710719794,8117210422
2022-01-14T16:28:46Z,2431.36,2.948,123,96,2421,1997.96,40.03194808959961,-105.30435984022915,8117210422
2022-01-14T16:28:47Z,2434.07,2.958,124,89,2422,1997.6,40.03192420117557,-105.30435355380177,8117210422
2022-01-14T16:28:48Z,2436.62,2.958,124,87,2423,1997.17,40.03190115094185,-105.30435422435403,8117210422
2022-01-14T16:28:49Z,2438.87,2.753,125,87,2424,1997.17,40.03188103437424,-105.30435087159276,8117210422
2022-01-14T16:28:50Z,2440.71,2.65,126,87,2425,1996.61,40.03186502493918,-105.30434525571764,8117210422
2022-01-14T16:28:51Z,2441.85,2.519,126,88,2426,1996.57,40.031855972483754,-105.3043388016522,8117210422
2022-01-14T16:28:52Z,2443.05,2.351,127,88,2427,1996.57,40.03184650093317,-105.3043316770345,8117210422
2022-01-14T16:28:53Z,2444.36,1.726,126,89,2428,1996,40.03183510154486,-105.30432773754,8117210422
2022-01-14T16:28:54Z,2445.54,1.661,125,89,2429,1996,40.03182462416589,-105.30432505533099,8117210422
2022-01-14T16:28:55Z,2446.38,1.614,125,89,2430,1996,40.03181716427207,-105.3043227083981,8117210422
2022-01-14T16:28:56Z,2447.72,1.558,124,89,2431,1996,40.03180593252182,-105.30431709252298,8117210422
2022-01-14T16:28:57Z,2450.46,1.484,124,89,2432,1995.32,40.03178187645972,-105.30430971644819,8117210422
2022-01-14T16:28:58Z,2453.87,1.484,123,89,2433,1994.52,40.03175178542733,-105.30430158600211,8117210422
2022-01-14T16:28:59Z,2461.99,3.322,123,89,2434,1994.39,40.03167936578393,-105.30428851023316,8117210422
2022-01-14T16:29:00Z,2461.99,3.322,123,89,2435,1994.39,40.03167936578393,-105.30428851023316,8117210422
2022-01-14T16:29:01Z,2465.96,3.816,124,100,2436,1994.79,40.03164374269545,-105.30428431928158,8117210422
2022-01-14T16:29:02Z,2469.55,3.835,125,102,2437,1995.36,40.03161130473018,-105.30428205616772,8117210422
2022-01-14T16:29:03Z,2472.9,3.835,125,102,2438,1995.77,40.03158112987876,-105.3042777813971,8117210422
2022-01-14T16:29:04Z,2476.21,3.835,126,102,2439,1995.94,40.03155279904604,-105.30426512472332,8117210422
2022-01-14T16:29:05Z,2479.82,3.546,127,102,2440,1995.94,40.03152237273753,-105.30424953438342,8117210422
2022-01-14T16:29:06Z,2482.94,3.434,128,97,2441,1995.67,40.031498400494456,-105.30423025600612,8117210422
2022-01-14T16:29:07Z,2485.68,3.35,129,97,2442,1994.41,40.031476356089115,-105.30421583913267,8117210422
2022-01-14T16:29:08Z,2488.23,3.042,130,97,2443,1994.41,40.031454311683774,-105.30420754104853,8117210422
2022-01-14T16:29:09Z,2491.09,2.809,130,97,2444,1993.07,40.03142916597426,-105.30420016497374,8117210422
2022-01-14T16:29:10Z,2494.24,2.874,131,97,2445,1992.58,40.031402595341206,-105.30418641865253,8117210422
2022-01-14T16:29:11Z,2497.77,2.874,131,97,2446,1992.49,40.031376192346215,-105.30416303314269,8117210422
2022-01-14T16:29:12Z,2501.24,2.967,132,97,2447,1992.49,40.03135297447443,-105.30413587577641,8117210422
2022-01-14T16:29:13Z,2504.72,3.116,133,97,2448,1992.69,40.031327325850725,-105.30411240644753,8117210422
2022-01-14T16:29:14Z,2507.87,3.275,133,97,2449,1992.15,40.031301928684115,-105.30409581027925,8117210422
2022-01-14T16:29:15Z,2511.09,3.275,134,97,2450,1992.67,40.03127393312752,-105.30408608727157,8117210422
2022-01-14T16:29:16Z,2514.32,3.107,134,97,2451,1992.05,40.0312458537519,-105.30407619662583,8117210422
2022-01-14T16:29:17Z,2517.49,3.07,135,97,2452,1991.49,40.03121894784272,-105.30406320467591,8117210422
2022-01-14T16:29:18Z,2520.91,3.07,137,97,2453,1991.41,40.03119019791484,-105.30404895544052,8117210422
2022-01-14T16:29:19Z,2524.24,3.079,137,97,2454,1991.04,40.031161196529865,-105.30403914861381,8117210422
2022-01-14T16:29:20Z,2527.6,3.079,137,97,2455,1990.64,40.0311316922307,-105.30402984470129,8117210422
2022-01-14T16:29:21Z,2531.08,3.051,138,97,2456,1991.26,40.03110168501735,-105.30401844531298,8117210422
2022-01-14T16:29:22Z,2534.88,3.042,139,94,2457,1990.84,40.03106824122369,-105.3040087223053,8117210422
2022-01-14T16:29:23Z,2538.64,3.042,139,94,2458,1990.28,40.03103588707745,-105.30399531126022,8117210422
2022-01-14T16:29:24Z,2542.15,3.126,140,94,2459,1990.28,40.03100705333054,-105.30397837981582,8117210422
2022-01-14T16:29:25Z,2545.55,3.126,140,94,2460,1989.59,40.03097863867879,-105.30396371148527,8117210422
2022-01-14T16:29:26Z,2548.64,3.135,140,94,2461,1989.01,40.030951565131545,-105.30395432375371,8117210422
2022-01-14T16:29:27Z,2551.83,3.135,140,94,2462,1989.34,40.03092306666076,-105.30394946224988,8117210422
2022-01-14T16:29:28Z,2554.79,3.126,141,84,2463,1988.78,40.030895825475454,-105.30394619330764,8117210422
2022-01-14T16:29:29Z,2557.39,3.116,141,84,2464,1988.24,40.03087302669883,-105.30393437482417,8117210422
2022-01-14T16:29:30Z,2559.5,3.042,141,84,2465,1988.12,40.0308589451015,-105.3039170242846,8117210422
2022-01-14T16:29:31Z,2561.38,2.948,142,84,2466,1987.49,40.030846539884806,-105.3039016854018,8117210422
2022-01-14T16:29:32Z,2562.91,2.753,142,84,2467,1987.49,40.0308380741626,-105.30388659797609,8117210422
2022-01-14T16:29:33Z,2564.36,2.566,143,84,2468,1987.09,40.030835308134556,-105.30386991798878,8117210422
2022-01-14T16:29:34Z,2565.75,1.913,143,84,2469,1987.09,40.03083296120167,-105.30385390855372,8117210422
2022-01-14T16:29:35Z,2566.91,1.791,142,84,2470,1986.48,40.03083203919232,-105.30384032987058,8117210422
2022-01-14T16:29:36Z,2568.08,1.698,141,84,2471,1986.48,40.030827932059765,-105.30382775701582,8117210422
2022-01-14T16:29:37Z,2569.45,1.446,140,84,2472,1986.48,40.03082022070885,-105.30381518416107,8117210422
2022-01-14T16:29:38Z,2570.91,1.446,139,78,2473,1985.54,40.030812844634056,-105.30380101874471,8117210422
2022-01-14T16:29:39Z,2572.68,1.484,138,77,2474,1985.54,40.03080630674958,-105.30378207564354,8117210422
2022-01-14T16:29:40Z,2574.61,1.484,137,77,2475,1984.63,40.03079733811319,-105.30376262962818,8117210422
2022-01-14T16:29:41Z,2576.58,1.568,136,77,2476,1984.63,40.030785854905844,-105.30374494381249,8117210422
2022-01-14T16:29:42Z,2578.57,1.689,136,77,2477,1983.4,40.030773701146245,-105.30372776091099,8117210422
2022-01-14T16:29:43Z,2580.61,1.764,135,77,2478,1983.4,40.030761044472456,-105.30371041037142,8117210422
2022-01-14T16:29:44Z,2582.58,1.819,136,77,2479,1982.24,40.03074863925576,-105.30369381420314,8117210422
2022-01-14T16:29:45Z,2584.47,1.857,136,77,2480,1982.24,40.03073715604842,-105.30367738567293,8117210422
2022-01-14T16:29:46Z,2586.14,1.885,136,77,2481,1981.14,40.03072701394558,-105.3036630526185,8117210422
2022-01-14T16:29:47Z,2587.75,1.885,137,77,2482,1981.14,40.03071628510952,-105.30365022830665,8117210422
2022-01-14T16:29:48Z,2588.99,1.875,137,90,2483,1981.35,40.030709160491824,-105.30363891273737,8117210422
2022-01-14T16:29:49Z,2590.53,1.857,137,90,2484,1980.26,40.03070371225476,-105.30362223275006,8117210422
2022-01-14T16:29:50Z,2592.57,1.838,138,90,2485,1979.13,40.03069315105677,-105.30360261909664,8117210422
2022-01-14T16:29:51Z,2595.37,1.838,138,90,2486,1979.13,40.030677393078804,-105.30357705429196,8117210422
2022-01-14T16:29:52Z,2598.69,2.043,139,90,2487,1978.66,40.03065819852054,-105.30354713089764,8117210422
2022-01-14T16:29:53Z,2602.41,2.043,138,90,2488,1978.47,40.03063363954425,-105.30351745896041,8117210422
2022-01-14T16:29:54Z,2606.02,2.771,138,90,2489,1977.68,40.0306068174541,-105.30349348671734,8117210422
2022-01-14T16:29:55Z,2609.4,2.986,138,90,2490,1978.16,40.030578318983316,-105.30347957275808,8117210422
2022-01-14T16:29:56Z,2612.47,2.986,138,90,2491,1978.38,40.0305515807122,-105.30347035266459,8117210422
2022-01-14T16:29:57Z,2615.34,2.921,137,90,2492,1978.35,40.030526015907526,-105.30346523970366,8117210422
2022-01-14T16:29:58Z,2618.59,2.921,137,90,2493,1977.2,40.03049776889384,-105.30345518141985,8117210422
2022-01-14T16:29:59Z,2622.16,3.07,138,90,2494,1977.2,40.0304670073092,-105.30344302766025,8117210422
2022-01-14T16:30:00Z,2626.28,3.331,137,90,2495,1977.01,40.03043130040169,-105.3034299518913,8117210422
2022-01-14T16:30:01Z,2630.33,3.471,137,90,2496,1975.9,40.03039676696062,-105.30341444537044,8117210422
2022-01-14T16:30:02Z,2634.28,3.62,138,90,2497,1975.88,40.0303631555289,-105.30339919030666,8117210422
2022-01-14T16:30:03Z,2637.85,3.62,138,90,2498,1974.98,40.03033239394426,-105.3033871203661,8117210422
2022-01-14T16:30:04Z,2640.9,3.583,138,90,2499,1975.12,40.03030532039702,-105.30338083393872,8117210422
2022-01-14T16:30:05Z,2643.67,3.312,139,90,2500,1975.14,40.03028034232557,-105.30337907373905,8117210422
2022-01-14T16:30:06Z,2646.61,3.312,139,90,2501,1975.01,40.03025402314961,-105.3033836837858,8117210422
2022-01-14T16:30:07Z,2649.41,3.182,139,90,2502,1975.01,40.03022929653525,-105.30339080840349,8117210422
2022-01-14T16:30:08Z,2652.04,2.865,139,90,2503,1975.35,40.03020565956831,-105.30339357443154,8117210422
2022-01-14T16:30:09Z,2654.41,2.715,139,90,2504,1974.77,40.03018420189619,-105.30339357443154,8117210422
2022-01-14T16:30:10Z,2656.87,2.622,138,89,2505,1974.77,40.03016207367182,-105.3033937420696,8117210422
2022-01-14T16:30:11Z,2659.13,2.529,138,89,2506,1974.12,40.03014178946614,-105.3033955860883,8117210422
2022-01-14T16:30:12Z,2661.32,2.473,138,89,2507,1974.12,40.03012225963175,-105.3033992741257,8117210422
2022-01-14T16:30:13Z,2663.78,2.482,137,89,2508,1973.45,40.03010004758835,-105.30339751392603,8117210422
2022-01-14T16:30:14Z,2665.88,2.473,138,96,2509,1973.45,40.03008143976331,-105.30339307151735,8117210422
2022-01-14T16:30:15Z,2667.6,2.473,137,96,2510,1972.27,40.0300663523376,-105.30338812619448,8117210422
2022-01-14T16:30:16Z,2669.26,2.463,138,96,2511,1972.27,40.03005176782608,-105.30338385142386,8117210422
2022-01-14T16:30:17Z,2671.12,2.333,138,96,2512,1971.36,40.03003508783877,-105.30338075011969,8117210422
2022-01-14T16:30:18Z,2673.05,2.249,138,96,2513,1971.36,40.03001790493727,-105.30337756499648,8117210422
2022-01-14T16:30:19Z,2675,2.23,138,81,2514,1970.4,40.03000088967383,-105.30337077565491,8117210422
2022-01-14T16:30:20Z,2676.65,2.211,137,81,2515,1970.4,40.02998739480972,-105.30336230993271,8117210422
2022-01-14T16:30:21Z,2678.06,2.155,137,81,2516,1970.4,40.02997507341206,-105.30335837043822,8117210422
2022-01-14T16:30:22Z,2679.69,2.043,136,81,2517,1969.28,40.02996099181473,-105.30335258692503,8117210422
2022-01-14T16:30:23Z,2681.66,1.903,136,81,2518,1969.28,40.02994464710355,-105.30334278009832,8117210422
2022-01-14T16:30:24Z,2683.79,1.894,135,81,2519,1968.29,40.02992905676365,-105.30332777649164,8117210422
2022-01-14T16:30:25Z,2686.5,1.931,135,81,2520,1968.44,40.02991539426148,-105.30330128967762,8117210422
2022-01-14T16:30:26Z,2689.69,1.997,135,81,2521,1967.56,40.0299040786922,-105.30326675623655,8117210422
2022-01-14T16:30:27Z,2692.71,2.127,135,81,2522,1968.05,40.029891673475504,-105.30323532409966,8117210422
2022-01-14T16:30:28Z,2695.18,2.211,135,81,2523,1968.69,40.02988262102008,-105.30320883728564,8117210422
2022-01-14T16:30:29Z,2697.61,2.426,135,81,2524,1968.69,40.02987423911691,-105.30318243429065,8117210422
2022-01-14T16:30:30Z,2699.98,2.426,135,81,2525,1967.84,40.02986451610923,-105.30315754003823,8117210422
2022-01-14T16:30:31Z,2702.22,2.407,135,86,2526,1968.57,40.02985294908285,-105.30313608236611,8117210422
2022-01-14T16:30:32Z,2704.5,2.305,135,86,2527,1968.57,40.02984305843711,-105.30311261303723,8117210422
2022-01-14T16:30:33Z,2706.76,2.305,135,86,2528,1969.13,40.029840879142284,-105.30308629386127,8117210422
2022-01-14T16:30:34Z,2709,2.333,134,86,2529,1969.33,40.029842304065824,-105.30306005850434,8117210422
2022-01-14T16:30:35Z,2710.79,2.333,135,88,2530,1969.01,40.0298419687897,-105.30303893610835,8117210422
2022-01-14T16:30:36Z,2712.1,2.314,135,88,2531,1969.01,40.02983937039971,-105.30302376486361,8117210422
2022-01-14T16:30:37Z,2713.24,2.155,135,88,2532,1969.01,40.02983635291457,-105.30301102437079,8117210422
2022-01-14T16:30:38Z,2714.91,2.015,135,88,2533,1968.3,40.029828641563654,-105.30299417674541,8117210422
2022-01-14T16:30:39Z,2716.64,1.773,135,89,2534,1968.3,40.02981808036566,-105.3029790893197,8117210422
2022-01-14T16:30:40Z,2717.71,1.773,135,89,2535,1968.3,40.02980978228152,-105.30297280289233,8117210422
2022-01-14T16:30:41Z,2718.97,1.764,134,89,2536,1967.47,40.02979913726449,-105.30296752229333,8117210422
2022-01-14T16:30:42Z,2720.5,1.661,134,89,2537,1967.47,40.02978639677167,-105.3029605653137,8117210422
2022-01-14T16:30:43Z,2721.93,1.652,133,89,2538,1967.47,40.02977415919304,-105.3029555361718,8117210422
2022-01-14T16:30:44Z,2722.57,1.819,133,91,2539,1967.47,40.02976896241307,-105.30295201577246,8117210422
2022-01-14T16:30:45Z,2723.7,1.819,133,91,2540,1967.29,40.029759239405394,-105.30294782482088,8117210422
2022-01-14T16:30:46Z,2724.7,1.157,133,91,2541,1967.29,40.02975060604513,-105.30294489115477,8117210422
2022-01-14T16:30:47Z,2725.55,1.082,133,91,2542,1967.29,40.02974255941808,-105.30294874683022,8117210422
2022-01-14T16:30:48Z,2726.73,1.082,133,91,2543,1967.29,40.029731998220086,-105.30294732190669,8117210422
2022-01-14T16:30:49Z,2727.64,1.082,132,91,2544,1966.59,40.029727052897215,-105.3029381018132,8117210422
2022-01-14T16:30:50Z,2728.31,1.008,132,91,2545,1966.05,40.02972143702209,-105.3029346652329,8117210422
2022-01-14T16:30:51Z,2729.51,1.008,132,86,2546,1966.05,40.02971297129989,-105.30292578041553,8117210422
2022-01-14T16:30:52Z,2731.6,1.008,132,86,2547,1966.05,40.02969570457935,-105.30291614122689,8117210422
2022-01-14T16:30:53Z,2733.6,1.129,133,86,2548,1965.26,40.02967843785882,-105.30290868133307,8117210422
2022-01-14T16:30:54Z,2735.27,1.717,134,86,2549,1964.55,40.02966477535665,-105.30289879068732,8117210422
2022-01-14T16:30:55Z,2736.89,1.857,134,86,2550,1964.13,40.029656141996384,-105.30288303270936,8117210422
2022-01-14T16:30:56Z,2738.77,1.857,135,86,2551,1964.13,40.02964365296066,-105.30286794528365,8117210422
2022-01-14T16:30:57Z,2741.06,1.801,135,86,2552,1963.38,40.02962429076433,-105.302858306095,8117210422
2022-01-14T16:30:58Z,2743.68,1.81,136,88,2553,1963.45,40.02960115671158,-105.30285218730569,8117210422
2022-01-14T16:30:59Z,2745.87,1.987,136,88,2554,1963.55,40.029581962153316,-105.3028464037925,8117210422
2022-01-14T16:31:00Z,2747.56,2.062,136,88,2555,1963.55,40.02956754527986,-105.30284003354609,8117210422
2022-01-14T16:31:01Z,2748.94,2.062,136,88,2556,1963.55,40.029555978253484,-105.30283408239484,8117210422
2022-01-14T16:31:02Z,2749.69,1.81,136,69,2557,1962.67,40.02954977564514,-105.30283031053841,8117210422
2022-01-14T16:31:03Z,2750.4,1.81,136,69,2558,1962.67,40.029543321579695,-105.30282972380519,8117210422
2022-01-14T16:31:04Z,2751.18,0.858,136,69,2559,1962.67,40.029536029323936,-105.30283047817647,8117210422
2022-01-14T16:31:05Z,2751.54,0.793,135,0,2560,1962.67,40.0295327603817,-105.30283005908132,8117210422
2022-01-14T16:31:06Z,2751.66,0.756,135,0,2561,1962.67,40.02953234128654,-105.30282829888165,8117210422
2022-01-14T16:31:07Z,2752.13,0.084,135,0,2562,1962.67,40.029527731239796,-105.30283047817647,8117210422
2022-01-14T16:31:08Z,2752.73,0.019,134,0,2563,1963.43,40.0295224506408,-105.30283140018582,8117210422
2022-01-14T16:31:09Z,2753.34,0.019,133,0,2564,1962.1,40.02951708622277,-105.30282963998616,8117210422
2022-01-14T16:31:10Z,2753.67,0.103,132,0,2565,1962.1,40.029513984918594,-105.30283047817647,8117210422
2022-01-14T16:31:11Z,2753.81,0.103,131,0,2566,1962.1,40.029512979090214,-105.30282863415778,8117210422
2022-01-14T16:31:12Z,2754.32,0.065,130,58,2567,1962.1,40.02950945869088,-105.30282452702522,8117210422
2022-01-14T16:31:13Z,2755.32,0.065,130,58,2568,1962.1,40.02950040623546,-105.30282385647297,8117210422
2022-01-14T16:31:14Z,2756.43,0.28,129,58,2569,1962.1,40.02949043177068,-105.30282385647297,8117210422
2022-01-14T16:31:15Z,2757.19,0.588,128,58,2570,1962.1,40.02948397770524,-105.3028205037117,8117210422
2022-01-14T16:31:16Z,2758.35,0.793,127,58,2571,1961.14,40.02947333268821,-105.30282117426395,8117210422
2022-01-14T16:31:17Z,2758.74,0.802,127,58,2572,1961.14,40.02947014756501,-105.302818659693,8117210422
2022-01-14T16:31:18Z,2759.17,0.802,126,58,2573,1961.14,40.02946780063212,-105.30281287617981,8117210422
2022-01-14T16:31:19Z,2759.66,0.644,124,58,2574,1961.14,40.029464699327946,-105.30280818231404,8117210422
2022-01-14T16:31:20Z,2760.05,0.634,122,58,2575,1961.14,40.02946201711893,-105.3028051648289,8117210422
2022-01-14T16:31:21Z,2760.81,0.625,121,58,2576,1961.14,40.02945472486317,-105.3028065059334,8117210422
2022-01-14T16:31:22Z,2761.4,0.625,120,58,2577,1961.14,40.029449947178364,-105.30280348844826,8117210422
2022-01-14T16:31:23Z,2761.81,0.662,120,58,2578,1960.03,40.02945019863546,-105.30279544182122,8117210422
2022-01-14T16:31:24Z,2762.2,0.662,120,58,2579,1960.03,40.029451539739966,-105.30278949066997,8117210422
2022-01-14T16:31:25Z,2763.01,0.653,120,58,2580,1960.03,40.029449025169015,-105.30278052203357,8117210422
2022-01-14T16:31:26Z,2764.01,0.653,121,58,2581,1958.9,40.029444163665175,-105.30277071520686,8117210422
2022-01-14T16:31:27Z,2765.09,0.672,120,58,2582,1958.9,40.02943553030491,-105.30276417732239,8117210422
2022-01-14T16:31:28Z,2765.81,0.765,120,58,2583,1957.14,40.029430417343974,-105.30275898054242,8117210422
2022-01-14T16:31:29Z,2766.59,0.821,119,58,2584,1957.14,40.029424550011754,-105.30275369994342,8117210422
2022-01-14T16:31:30Z,2767.63,0.83,118,81,2585,1957.14,40.02941641956568,-105.30274758115411,8117210422
2022-01-14T16:31:31Z,2768.42,0.84,118,81,2586,1956.03,40.029410384595394,-105.30274263583124,8117210422
2022-01-14T16:31:32Z,2768.98,0.97,118,81,2587,1956.03,40.02940619364381,-105.30273894779384,8117210422
2022-01-14T16:31:33Z,2770.15,0.97,118,81,2588,1956.03,40.02939806319773,-105.30273014679551,8117210422
2022-01-14T16:31:34Z,2771.9,0.97,118,81,2589,1954.14,40.02938347868621,-105.30272210016847,8117210422
2022-01-14T16:31:35Z,2774.06,1.064,116,81,2590,1953.45,40.02936780452728,-105.3027068451047,8117210422
2022-01-14T16:31:36Z,2775.58,1.484,115,81,2591,1953.45,40.029355650767684,-105.30269888229668,8117210422
2022-01-14T16:31:37Z,2777.16,1.642,115,81,2592,1953.3,40.029341066256166,-105.30269796028733,8117210422
2022-01-14T16:31:38Z,2779.02,1.652,115,87,2593,1953.3,40.0293253082782,-105.30269033275545,8117210422
2022-01-14T16:31:39Z,2780.85,1.652,115,87,2594,1951.95,40.029309215024114,-105.3026854712516,8117210422
2022-01-14T16:31:40Z,2783.15,1.829,116,87,2595,1952.06,40.029288763180375,-105.30268060974777,8117210422
2022-01-14T16:31:41Z,2785.31,1.875,117,87,2596,1952.06,40.029270155355334,-105.30267289839685,8117210422
2022-01-14T16:31:42Z,2787.34,2.081,118,87,2597,1952.06,40.029252134263515,-105.30266845598817,8117210422
2022-01-14T16:31:43Z,2789.42,2.109,119,87,2598,1951.71,40.029233610257506,-105.30266468413174,8117210422
2022-01-14T16:31:44Z,2791.21,2.118,120,87,2599,1951.71,40.029217433184385,-105.30266292393208,8117210422
2022-01-14T16:31:45Z,2792.77,2.118,120,87,2600,1951.71,40.02920343540609,-105.30266527086496,8117210422
2022-01-14T16:31:46Z,2794.27,2.043,121,87,2601,1950.89,40.02918994054198,-105.30266543850303,8117210422
2022-01-14T16:31:47Z,2795.78,1.95,122,87,2602,1950.89,40.029176361858845,-105.30266309157014,8117210422
2022-01-14T16:31:48Z,2797.3,1.922,122,87,2603,1949.75,40.029163118451834,-105.30265814624727,8117210422
2022-01-14T16:31:49Z,2798.73,1.866,121,87,2604,1949.47,40.02915079705417,-105.30265353620052,8117210422
2022-01-14T16:31:50Z,2799.72,1.838,121,87,2605,1949.47,40.02914283424616,-105.30264800414443,8117210422
2022-01-14T16:31:51Z,2800.74,1.81,121,87,2606,1949.47,40.02913638018072,-105.30263928696513,8117210422
2022-01-14T16:31:52Z,2801.8,1.642,122,87,2607,1948.88,40.02912967465818,-105.3026304859668,8117210422
2022-01-14T16:31:53Z,2802.66,1.344,122,87,2608,1948.88,40.02912288531661,-105.30262528918684,8117210422
2022-01-14T16:31:54Z,2803.51,1.344,123,87,2609,1948.88,40.02911609597504,-105.30262051150203,8117210422
2022-01-14T16:31:55Z,2804.31,1.166,123,87,2610,1948.79,40.02910913899541,-105.30261766165495,8117210422
2022-01-14T16:31:56Z,2805.57,1.157,122,87,2611,1948.79,40.02909799106419,-105.30261464416981,8117210422
2022-01-14T16:31:57Z,2806.68,1.157,123,87,2612,1948.19,40.02908860333264,-105.3026101179421,8117210422
2022-01-14T16:31:58Z,2807.73,1.344,123,87,2613,1948.19,40.029082065448165,-105.3026008978486,8117210422
2022-01-14T16:31:59Z,2808.64,1.372,123,87,2614,1948.19,40.02907703630626,-105.30259234830737,8117210422
2022-01-14T16:32:00Z,2809.31,1.372,123,87,2615,1948.19,40.02907209098339,-105.3025874029845,8117210422
2022-01-14T16:32:01Z,2810,1.12,123,87,2616,1947.13,40.02906764857471,-105.30258153565228,8117210422
2022-01-14T16:32:02Z,2810.75,0.952,123,87,2617,1947.13,40.02906572073698,-105.30257290229201,8117210422
2022-01-14T16:32:03Z,2811.58,0.942,124,87,2618,1947.13,40.029064044356346,-105.30256317928433,8117210422
2022-01-14T16:32:04Z,2812.27,0.821,123,87,2619,1945.67,40.02906211651862,-105.30255546793342,8117210422
2022-01-14T16:32:05Z,2812.8,0.812,121,87,2620,1945.64,40.02906320616603,-105.30254893004894,8117210422
2022-01-14T16:32:06Z,2813.38,0.756,121,87,2621,1945.64,40.02906379289925,-105.30254197306931,8117210422
2022-01-14T16:32:07Z,2814.35,0.644,121,87,2622,1944.25,40.02905683591962,-105.30253434553742,8117210422
2022-01-14T16:32:08Z,2815.68,0.644,122,87,2623,1944.25,40.029045352712274,-105.3025289811194,8117210422
2022-01-14T16:32:09Z,2816.62,0.868,122,87,2624,1944.25,40.02903847955167,-105.30252252705395,8117210422
2022-01-14T16:32:10Z,2817.37,0.998,122,87,2625,1944.25,40.02903328277171,-105.30251691117883,8117210422
2022-01-14T16:32:11Z,2818.33,0.998,120,87,2626,1941.77,40.029024900868535,-105.30251372605562,8117210422
2022-01-14T16:32:12Z,2819.3,0.989,121,87,2627,1941.77,40.02901735715568,-105.30250769108534,8117210422
2022-01-14T16:32:13Z,2820.31,0.989,122,87,2628,1941.77,40.029011657461524,-105.30249813571572,8117210422
2022-01-14T16:32:14Z,2822.01,1.017,123,87,2629,1940.45,40.02900612540543,-105.30247902497649,8117210422
2022-01-14T16:32:15Z,2823.44,1.054,123,87,2630,1940.45,40.028998497873545,-105.30246553011239,8117210422
2022-01-14T16:32:16Z,2825.01,1.39,123,87,2631,1940.45,40.0289920438081,-105.3024491854012,8117210422
2022-01-14T16:32:17Z,2826.43,1.484,124,87,2632,1937.91,40.0289851706475,-105.30243501998484,8117210422
2022-01-14T16:32:18Z,2827.93,1.437,124,87,2633,1937.91,40.02897771075368,-105.30242043547332,8117210422
2022-01-14T16:32:19Z,2829.69,1.484,125,87,2634,1936.38,40.02896740101278,-105.30240459367633,8117210422
2022-01-14T16:32:20Z,2831.72,1.484,125,87,2635,1936.23,40.02895491197705,-105.30238724313676,8117210422
2022-01-14T16:32:21Z,2833.68,1.605,126,87,2636,1934.94,40.0289404951036,-105.30237399972975,8117210422
2022-01-14T16:32:22Z,2835.41,1.717,127,87,2637,1934.94,40.02892800606787,-105.30236192978919,8117210422
2022-01-14T16:32:23Z,2837.17,1.642,128,87,2638,1934.97,40.02891476266086,-105.3023506142199,8117210422
2022-01-14T16:32:24Z,2839.47,1.642,129,87,2639,1933.58,40.0288971606642,-105.30233619734645,8117210422
2022-01-14T16:32:25Z,2841.72,1.642,129,87,2640,1933.62,40.02887947484851,-105.30232303775847,8117210422
2022-01-14T16:32:26Z,2843.7,1.922,130,87,2641,1933.62,40.02886430360377,-105.3023109678179,8117210422
2022-01-14T16:32:27Z,2845.3,1.922,131,87,2642,1932.13,40.028852401301265,-105.30230023898184,8117210422
2022-01-14T16:32:28Z,2846.87,1.773,130,87,2643,1932.22,40.028840247541666,-105.30229085125029,8117210422
2022-01-14T16:32:29Z,2848.58,1.642,130,87,2644,1932.22,40.028825998306274,-105.3022832237184,8117210422
2022-01-14T16:32:30Z,2850.39,1.596,130,87,2645,1932.4,40.02881250344217,-105.3022710699588,8117210422
2022-01-14T16:32:31Z,2852.16,1.596,130,87,2646,1930.76,40.02880076877773,-105.30225682072341,8117210422
2022-01-14T16:32:32Z,2853.99,1.633,130,87,2647,1930.76,40.02878702245653,-105.30224500223994,8117210422
2022-01-14T16:32:33Z,2856.23,1.642,130,97,2648,1930.77,40.02876866608858,-105.30223410576582,8117210422
2022-01-14T16:32:34Z,2858.7,1.661,130,97,2649,1929.41,40.02874796278775,-105.30222337692976,8117210422
2022-01-14T16:32:35Z,2860.91,2.099,130,97,2650,1929.06,40.02872935496271,-105.30221432447433,8117210422
2022-01-14T16:32:36Z,2862.65,2.155,129,97,2651,1929.06,40.02871493808925,-105.3022060263902,8117210422
2022-01-14T16:32:37Z,2863.93,2.155,130,97,2652,1928.44,40.02870412543416,-105.30220091342926,8117210422
2022-01-14T16:32:38Z,2865.22,1.913,130,97,2653,1927,40.028693145141006,-105.30219596810639,8117210422
2022-01-14T16:32:39Z,2866.36,1.614,130,91,2654,1927,40.0286830868572,-105.30219370499253,8117210422
2022-01-14T16:32:40Z,2867.17,1.512,129,91,2655,1926.47,40.02867571078241,-105.30219236388803,8117210422
2022-01-14T16:32:41Z,2867.84,1.493,130,91,2656,1926.47,40.02867026254535,-105.30218909494579,8117210422
2022-01-14T16:32:42Z,2868.54,1.241,129,91,2657,1926.47,40.02866414375603,-105.30218658037484,8117210422
2022-01-14T16:32:43Z,2869.34,0.821,129,91,2658,1926.47,40.028659952804446,-105.3021782822907,8117210422
2022-01-14T16:32:44Z,2870.91,0.821,128,91,2659,1926.47,40.02864997833967,-105.30216495506465,8117210422
2022-01-14T16:32:45Z,2872.72,0.933,128,91,2660,1924.97,40.028636483475566,-105.30215305276215,8117210422
2022-01-14T16:32:46Z,2874.86,1.493,127,91,2661,1924.97,40.02861821092665,-105.3021452575922,8117210422
2022-01-14T16:32:47Z,2877.22,1.754,127,91,2662,1925.1,40.02859708853066,-105.30214056372643,8117210422
2022-01-14T16:32:48Z,2879.52,2.099,127,91,2663,1925.1,40.02857646904886,-105.30213670805097,8117210422
2022-01-14T16:32:49Z,2881.29,2.099,127,91,2664,1925.23,40.02856087870896,-105.30213218182325,8117210422
2022-01-14T16:32:50Z,2882.97,1.95,127,91,2665,1923.42,40.028546545654535,-105.30212589539587,8117210422
2022-01-14T16:32:51Z,2884.8,1.717,128,91,2666,1923.2,40.028531374409795,-105.30211734585464,8117210422
2022-01-14T16:32:52Z,2886.47,1.717,128,91,2667,1923.2,40.02851888537407,-105.30210619792342,8117210422
2022-01-14T16:32:53Z,2887.91,1.717,128,91,2668,1923.2,40.028507988899946,-105.3020966425538,8117210422
2022-01-14T16:32:54Z,2889.35,1.698,129,91,2669,1921.06,40.02849549986422,-105.30209178104997,8117210422
2022-01-14T16:32:55Z,2890.8,1.586,129,91,2670,1921.06,40.02848234027624,-105.30209178104997,8117210422
2022-01-14T16:32:56Z,2892.58,1.577,129,91,2671,1921.06,40.02846649847925,-105.30208859592676,8117210422
2022-01-14T16:32:57Z,2894.56,1.577,129,91,2672,1920.78,40.02844872884452,-105.30208541080356,8117210422
2022-01-14T16:32:58Z,2896.45,1.698,129,91,2673,1920.78,40.028432719409466,-105.30207795090973,8117210422
2022-01-14T16:32:59Z,2897.91,1.922,130,91,2674,1920.64,40.02842132002115,-105.30206898227334,8117210422
2022-01-14T16:33:00Z,2898.88,1.922,130,91,2675,1920.64,40.028415033593774,-105.3020609356463,8117210422
2022-01-14T16:33:01Z,2899.27,1.586,131,91,2676,1918.83,40.028414111584425,-105.30205624178052,8117210422
2022-01-14T16:33:02Z,2900.44,0.989,130,91,2677,1918.83,40.028404807671905,-105.3020487818867,8117210422
2022-01-14T16:33:03Z,2901.67,0.989,130,91,2678,1918.83,40.028400449082255,-105.30203369446099,8117210422
2022-01-14T16:33:04Z,2902.38,0.989,130,91,2679,1918.83,40.02840011380613,-105.30202388763428,8117210422
2022-01-14T16:33:05Z,2903.15,0.998,130,91,2680,1917.39,40.02839533612132,-105.30201718211174,8117210422
2022-01-14T16:33:06Z,2903.76,0.989,129,91,2681,1917.21,40.02839282155037,-105.30201081186533,8117210422
2022-01-14T16:33:07Z,2903.99,0.868,129,91,2682,1917.21,40.02839080989361,-105.30200921930373,8117210422
2022-01-14T16:33:08Z,2904.31,0.746,128,91,2683,1917.21,40.028389133512974,-105.30200620181859,8117210422
2022-01-14T16:33:09Z,2905.06,0.513,129,0,2684,1917.21,40.028384774923325,-105.30199949629605,8117210422
2022-01-14T16:33:10Z,2905.94,0.448,129,0,2685,1915.74,40.02838846296072,-105.30198818072677,8117210422
2022-01-14T16:33:11Z,2907.07,0.448,127,0,2686,1916.01,40.02839709632099,-105.30197778716683,8117210422
2022-01-14T16:33:12Z,2907.75,0.69,124,0,2687,1916.01,40.02840019762516,-105.30197074636817,8117210422
2022-01-14T16:33:13Z,2908.54,0.84,123,0,2688,1916.01,40.02839667722583,-105.30196186155081,8117210422
2022-01-14T16:33:14Z,2909.4,0.84,123,0,2689,1915.74,40.02838988788426,-105.3019554913044,8117210422
2022-01-14T16:33:15Z,2909.75,0.84,124,77,2690,1915.74,40.02838502638042,-105.30195599421859,8117210422
2022-01-14T16:33:16Z,2910.15,0.83,125,77,2691,1915.74,40.028381338343024,-105.30195431783795,8117210422
2022-01-14T16:33:17Z,2910.57,0.69,126,77,2692,1915.74,40.02837681211531,-105.30195406638086,8117210422
2022-01-14T16:33:18Z,2911.04,0.579,127,77,2693,1914.2,40.02837488427758,-105.30194878578186,8117210422
2022-01-14T16:33:19Z,2911.52,0.579,128,77,2694,1914.2,40.028371615335345,-105.3019451815635,8117210422
2022-01-14T16:33:20Z,2911.85,0.569,129,0,2695,1914.2,40.0283688493073,-105.3019433375448,8117210422
2022-01-14T16:33:21Z,2912.22,0.532,129,0,2696,1914.2,40.02836549654603,-105.30194199644029,8117210422
2022-01-14T16:33:22Z,2913.41,0.056,130,0,2697,1914.04,40.0283582881093,-105.3019314352423,8117210422
2022-01-14T16:33:23Z,2914.83,0.056,130,0,2698,1914.04,40.028350073844194,-105.30191869474947,8117210422
2022-01-14T16:33:24Z,2916.45,0.98,130,0,2699,1912.42,40.028338925912976,-105.30190628953278,8117210422
2022-01-14T16:33:25Z,2917.46,1.25,127,0,2700,1912.42,40.02832978963852,-105.30190318822861,8117210422
2022-01-14T16:33:26Z,2918.94,1.344,126,0,2701,1912.5,40.028317300602794,-105.30189698562026,8117210422
2022-01-14T16:33:27Z,2920.25,1.437,126,0,2702,1912.5,40.02830682322383,-105.30188960954547,8117210422
2022-01-14T16:33:28Z,2921.47,1.409,126,0,2703,1910.81,40.02829902805388,-105.30187929980457,8117210422
2022-01-14T16:33:29Z,2922.77,1.409,127,0,2704,1910.81,40.028291400521994,-105.30186773277819,8117210422
2022-01-14T16:33:30Z,2924.42,1.325,127,0,2705,1911.02,40.02827991731465,-105.3018553275615,8117210422
2022-01-14T16:33:31Z,2926.02,1.334,128,0,2706,1909.06,40.02826835028827,-105.30184426344931,8117210422
2022-01-14T16:33:32Z,2927.07,1.456,129,0,2707,1909.06,40.028261644765735,-105.30183563008904,8117210422
2022-01-14T16:33:33Z,2928.22,1.381,129,77,2708,1909.15,40.02825158648193,-105.30183110386133,8117210422
2022-01-14T16:33:34Z,2929.74,1.381,129,77,2709,1909.15,40.02823834307492,-105.30182674527168,8117210422
2022-01-14T16:33:35Z,2931.54,1.297,130,77,2710,1909.15,40.02822342328727,-105.3018186148256,8117210422
2022-01-14T16:33:36Z,2933.45,1.297,130,77,2711,1907.49,40.02820900641382,-105.30180620960891,8117210422
2022-01-14T16:33:37Z,2935.68,1.344,130,77,2712,1907.49,40.02819391898811,-105.30178877525032,8117210422
2022-01-14T16:33:38Z,2938.19,1.409,129,77,2713,1906.4,40.02817531116307,-105.30177192762494,8117210422
2022-01-14T16:33:39Z,2940.34,1.484,130,77,2714,1906.4,40.028159469366074,-105.30175751075149,8117210422
2022-01-14T16:33:40Z,2941.86,1.717,130,77,2715,1907.05,40.028149243444204,-105.30174468643963,8117210422
2022-01-14T16:33:41Z,2942.71,1.717,131,77,2716,1905.57,40.02814505249262,-105.30173563398421,8117210422
2022-01-14T16:33:42Z,2943.59,1.437,131,77,2717,1905.57,40.028143962845206,-105.30172490514815,8117210422
2022-01-14T16:33:43Z,2944.84,0.905,131,77,2718,1905.57,40.0281444657594,-105.30170990154147,8117210422
2022-01-14T16:33:44Z,2946.31,0.905,131,77,2719,1904.33,40.02813876606524,-105.3016943950206,8117210422
2022-01-14T16:33:45Z,2947.96,1.185,131,77,2720,1904.33,40.028126779943705,-105.30168148688972,8117210422
2022-01-14T16:33:46Z,2949.72,1.474,130,77,2721,1903.34,40.028112698346376,-105.30167025513947,8117210422
2022-01-14T16:33:47Z,2951.62,1.474,130,95,2722,1903.34,40.02809903584421,-105.30165650881827,8117210422
2022-01-14T16:33:48Z,2953.47,1.568,129,95,2723,1903.34,40.028083864599466,-105.30164536088705,8117210422
2022-01-14T16:33:49Z,2955.29,1.791,129,95,2724,1903.67,40.028068190440536,-105.3016391582787,8117210422
2022-01-14T16:33:50Z,2956.82,1.875,129,95,2725,1902.23,40.028055952861905,-105.3016304410994,8117210422
2022-01-14T16:33:51Z,2958.07,1.875,129,95,2726,1902.23,40.028050588443875,-105.30161753296852,8117210422
2022-01-14T16:33:52Z,2959.11,1.689,130,95,2727,1902.23,40.0280474871397,-105.30160604976118,8117210422
2022-01-14T16:33:53Z,2959.99,1.465,129,95,2728,1901.32,40.028042206540704,-105.30159833841026,8117210422
2022-01-14T16:33:54Z,2961.05,1.213,129,95,2729,1901.32,40.028034998103976,-105.3015892021358,8117210422
2022-01-14T16:33:55Z,2962.3,1.213,129,95,2730,1901.32,40.02802485600114,-105.30158299952745,8117210422
2022-01-14T16:33:56Z,2963.16,1.25,129,95,2731,1901.32,40.02801773138344,-105.30157855711877,8117210422
2022-01-14T16:33:57Z,2963.93,1.25,127,95,2732,1901.32,40.02801110967994,-105.30157553963363,8117210422
2022-01-14T16:33:58Z,2964.9,1.092,127,95,2733,1901.75,40.028004571795464,-105.30156774446368,8117210422
2022-01-14T16:33:59Z,2965.63,1.092,126,95,2734,1900.6,40.027999207377434,-105.30156246386468,8117210422
2022-01-14T16:34:00Z,2966.42,1.026,126,95,2735,1900.6,40.02799359150231,-105.30155684798956,8117210422
2022-01-14T16:34:01Z,2966.59,0.924,126,95,2736,1900.6,40.02799518406391,-105.30155349522829,8117210422
2022-01-14T16:34:02Z,2967.22,0.868,126,95,2737,1900.6,40.027989987283945,-105.30154938809574,8117210422
2022-01-14T16:34:03Z,2967.41,0.756,126,95,2738,1900.6,40.02798973582685,-105.30154695734382,8117210422
2022-01-14T16:34:04Z,2968.02,0.606,125,95,2739,1900.6,40.02798638306558,-105.30154125764966,8117210422
2022-01-14T16:34:05Z,2968.51,0.662,125,95,2740,1900.6,40.0279853772372,-105.3015355579555,8117210422
2022-01-14T16:34:06Z,2968.96,0.579,124,95,2741,1900.6,40.02798110246658,-105.30153329484165,8117210422
2022-01-14T16:34:07Z,2969.14,0.579,124,95,2742,1899.03,40.02798127010465,-105.30153069645166,8117210422
2022-01-14T16:34:08Z,2969.47,0.523,123,95,2743,1899.03,40.02798127010465,-105.30152667313814,8117210422
2022-01-14T16:34:09Z,2969.97,0.383,122,95,2744,1899.03,40.02797842025757,-105.30152197927237,8117210422
2022-01-14T16:34:10Z,2970.86,0.383,122,95,2745,1899.03,40.02797573804855,-105.30151208862662,8117210422
2022-01-14T16:34:11Z,2971.77,0.476,122,95,2746,1899.27,40.02797280438244,-105.30150219798088,8117210422
2022-01-14T16:34:12Z,2972.91,0.793,123,95,2747,1897.21,40.02796886488795,-105.30148987658322,8117210422
2022-01-14T16:34:13Z,2973.83,0.877,123,95,2748,1897.21,40.027960231527686,-105.30148417688906,8117210422
2022-01-14T16:34:14Z,2974.97,1.082,124,95,2749,1897.21,40.02795277163386,-105.30147478915751,8117210422
2022-01-14T16:34:15Z,2975.3,1.129,125,95,2750,1897.21,40.02795008942485,-105.30147260986269,8117210422
2022-01-14T16:34:16Z,2975.83,1.082,125,95,2751,1897.21,40.0279507599771,-105.30146514996886,8117210422
2022-01-14T16:34:17Z,2976.65,0.681,125,95,2752,1894.77,40.02794883213937,-105.30145576223731,8117210422
2022-01-14T16:34:18Z,2977.38,0.681,125,95,2753,1894.77,40.027945479378104,-105.30144838616252,8117210422
2022-01-14T16:34:19Z,2978.12,0.793,123,95,2754,1894.77,40.02794279716909,-105.30144033953547,8117210422
2022-01-14T16:34:20Z,2979.39,0.83,121,95,2755,1894.91,40.02793651074171,-105.30142785049975,8117210422
2022-01-14T16:34:21Z,2980.53,0.858,120,78,2756,1893.02,40.02793164923787,-105.30141603201628,8117210422
2022-01-14T16:34:22Z,2981.55,1.12,119,78,2757,1893.02,40.02792905084789,-105.3014044649899,8117210422
2022-01-14T16:34:23Z,2982.71,1.12,119,78,2758,1893.02,40.027925027534366,-105.30139197595417,8117210422
2022-01-14T16:34:24Z,2983.81,1.045,119,78,2759,1891.5,40.02791949547827,-105.30138116329908,8117210422
2022-01-14T16:34:25Z,2984.99,1.045,120,78,2760,1891.5,40.02791019156575,-105.30137269757688,8117210422
2022-01-14T16:34:26Z,2986.59,1.054,119,78,2761,1892.08,40.0278992112726,-105.30136020854115,8117210422
2022-01-14T16:34:27Z,2988.46,1.138,119,78,2762,1890.61,40.02788856625557,-105.30134327709675,8117210422
2022-01-14T16:34:28Z,2990.26,1.269,119,78,2763,1890.61,40.027876580134034,-105.30132902786136,8117210422
2022-01-14T16:34:29Z,2992.5,1.437,119,78,2764,1889.45,40.02786031924188,-105.30131352134049,8117210422
2022-01-14T16:34:30Z,2994.55,1.465,119,78,2765,1889.45,40.02784464508295,-105.30130052939057,8117210422
2022-01-14T16:34:31Z,2996.02,1.512,118,78,2766,1889.61,40.02783198840916,-105.30129508115351,8117210422
2022-01-14T16:34:32Z,2997.71,1.521,118,78,2767,1889.61,40.02781690098345,-105.3012918960303,8117210422
2022-01-14T16:34:33Z,2999.26,1.437,118,78,2768,1889.61,40.02780348993838,-105.30128703452647,8117210422
2022-01-14T16:34:34Z,3000.67,1.437,117,91,2769,1888.53,40.02779141999781,-105.3012815862894,8117210422
2022-01-14T16:34:35Z,3001.93,1.437,117,91,2770,1888.53,40.02778010442853,-105.30127890408039,8117210422
2022-01-14T16:34:36Z,3002.91,1.418,117,91,2771,1888.53,40.02777138724923,-105.30127739533782,8117210422
2022-01-14T16:34:37Z,3003.82,1.362,118,91,2772,1888.53,40.027764178812504,-105.30127203091979,8117210422
2022-01-14T16:34:38Z,3005.19,1.222,117,91,2773,1888.11,40.02775311470032,-105.30126482248306,8117210422
2022-01-14T16:34:39Z,3006.51,1.222,117,46,2774,1888.11,40.027741296216846,-105.30126079916954,8117210422
2022-01-14T16:34:40Z,3008.31,1.129,116,46,2775,1887.4,40.02772503532469,-105.30126130208373,8117210422
2022-01-14T16:34:41Z,3009.88,1.036,115,46,2776,1887.4,40.027710953727365,-105.30125719495118,8117210422
2022-01-14T16:34:42Z,3011.3,0.989,114,46,2777,1886.43,40.02770097926259,-105.30124646611512,8117210422
2022-01-14T16:34:43Z,3012.56,0.989,114,46,2778,1885.68,40.02769075334072,-105.3012390062213,8117210422
2022-01-14T16:34:44Z,3013.71,0.961,115,46,2779,1885.68,40.02768178470433,-105.30123221687973,8117210422
2022-01-14T16:34:45Z,3014.57,0.924,116,46,2780,1885.68,40.02767491154373,-105.30122760683298,8117210422
2022-01-14T16:34:46Z,3015.56,0.849,116,46,2781,1885.68,40.02766594290733,-105.30122618190944,8117210422
2022-01-14T16:34:47Z,3016.37,0.793,116,46,2782,1885.68,40.027658650651574,-105.30122182331979,8117210422
2022-01-14T16:34:48Z,3017.14,0.765,116,46,2783,1884.24,40.0276537053287,-105.3012146987021,8117210422
2022-01-14T16:34:49Z,3018.32,0.756,117,46,2784,1884.24,40.02764716744423,-105.30120363458991,8117210422
2022-01-14T16:34:50Z,3019.57,0.756,117,46,2785,1884.24,40.027639623731375,-105.3011922352016,8117210422
2022-01-14T16:34:51Z,3020.69,0.774,118,46,2786,1883.25,40.02763392403722,-105.30118066817522,8117210422
2022-01-14T16:34:52Z,3022.02,0.793,118,46,2787,1883.25,40.0276314932853,-105.30116541311145,8117210422
2022-01-14T16:34:53Z,3022.94,0.802,117,46,2788,1883.25,40.02763023599982,-105.30115426518023,8117210422
2022-01-14T16:34:54Z,3023.69,0.821,117,46,2789,1881.95,40.02763174474239,-105.30114470981061,8117210422
2022-01-14T16:34:55Z,3024.47,0.821,116,46,2790,1881.95,40.027633337303996,-105.30113565735519,8117210422
2022-01-14T16:34:56Z,3025.27,0.812,115,46,2791,1881.95,40.02763140946627,-105.30112593434751,8117210422
2022-01-14T16:34:57Z,3026.32,0.802,114,46,2792,1881.95,40.02762470394373,-105.30111604370177,8117210422
2022-01-14T16:34:58Z,3027.19,0.802,113,46,2793,1879.86,40.027618585154414,-105.3011090029031,8117210422
2022-01-14T16:34:59Z,3028.31,0.83,114,46,2794,1879.86,40.027610789984465,-105.30110070481896,8117210422
2022-01-14T16:35:00Z,3030.08,0.84,114,69,2795,1879.86,40.02759939059615,-105.30108612030745,8117210422
2022-01-14T16:35:01Z,3031.61,0.868,114,69,2796,1878.61,40.02758866176009,-105.30107472091913,8117210422
2022-01-14T16:35:02Z,3032.71,1.26,115,69,2797,1878.34,40.027581034228206,-105.30106650665402,8117210422
2022-01-14T16:35:03Z,3033.75,1.26,115,69,2798,1878.34,40.02757432870567,-105.30105795711279,8117210422
2022-01-14T16:35:04Z,3035.27,1.26,117,69,2799,1878.34,40.02756452187896,-105.3010455518961,8117210422
2022-01-14T16:35:05Z,3037.88,1.26,117,69,2800,1876.95,40.02754557877779,-105.30102711170912,8117210422
2022-01-14T16:35:06Z,3041.26,1.446,117,69,2801,1876.03,40.027523366734385,-105.30100020579994,8117210422
2022-01-14T16:35:07Z,3045.66,2.118,118,69,2802,1874.75,40.0274948682636,-105.30096424743533,8117210422
2022-01-14T16:35:08Z,3049.86,2.51,119,69,2803,1874.12,40.0274639390409,-105.30093591660261,8117210422
2022-01-14T16:35:09Z,3053.73,3.014,121,69,2804,1873.58,40.02743259072304,-105.3009155485779,8117210422
2022-01-14T16:35:10Z,3057.01,3.098,122,95,2805,1873.14,40.02740484662354,-105.30090247280896,8117210422
2022-01-14T16:35:11Z,3060.02,3.098,124,95,2806,1873.45,40.02738079056144,-105.30088587664068,8117210422
2022-01-14T16:35:12Z,3062.8,2.893,125,95,2807,1873.16,40.02735991962254,-105.30086793936789,8117210422
2022-01-14T16:35:13Z,3065.04,2.799,125,95,2808,1873.27,40.02734525129199,-105.30084991827607,8117210422
2022-01-14T16:35:14Z,3067.4,2.781,126,95,2809,1872.48,40.0273325946182,-105.3008275385946,8117210422
2022-01-14T16:35:15Z,3070.04,2.557,127,95,2810,1872.48,40.027315663173795,-105.30080574564636,8117210422
2022-01-14T16:35:16Z,3073,2.501,127,95,2811,1871.16,40.027297139167786,-105.30078059993684,8117210422
2022-01-14T16:35:17Z,3076.32,2.51,127,95,2812,1870.86,40.02727962099016,-105.30074908398092,8117210422
2022-01-14T16:35:18Z,3079.9,2.948,127,95,2813,1869.95,40.027262941002846,-105.30071312561631,8117210422
2022-01-14T16:35:19Z,3083.53,3.247,127,95,2814,1870.12,40.027245255187154,-105.30067733488977,8117210422
2022-01-14T16:35:20Z,3086.66,3.247,127,95,2815,1869.96,40.02723033539951,-105.300646238029,8117210422
2022-01-14T16:35:21Z,3089.58,2.976,128,95,2816,1869.96,40.027211643755436,-105.3006219305098,8117210422
2022-01-14T16:35:22Z,3092.22,2.865,128,90,2817,1870.01,40.02719370648265,-105.30060164630413,8117210422
2022-01-14T16:35:23Z,3094.54,2.743,128,89,2818,1870.01,40.02717677503824,-105.30058563686907,8117210422
2022-01-14T16:35:24Z,3097.16,2.519,128,89,2819,1870.08,40.02715749666095,-105.30056795105338,8117210422
2022-01-14T16:35:25Z,3099.69,2.482,129,88,2820,1870.08,40.02713955938816,-105.3005497623235,8117210422
2022-01-14T16:35:26Z,3102.09,2.435,129,86,2821,1870.06,40.027122208848596,-105.30053283087909,8117210422
2022-01-14T16:35:27Z,3104.51,2.435,128,86,2822,1870.06,40.02710175700486,-105.30052268877625,8117210422
2022-01-14T16:35:28Z,3106.92,2.379,128,86,2823,1869.54,40.02708080224693,-105.30051506124437,8117210422
2022-01-14T16:35:29Z,3109.14,2.379,128,87,2824,1869.71,40.02706244587898,-105.3005045838654,8117210422
2022-01-14T16:35:30Z,3111.14,2.379,129,87,2825,1869.06,40.02704702317715,-105.3004924301058,8117210422
2022-01-14T16:35:31Z,3113.16,2.379,129,87,2826,1868.81,40.027032773941755,-105.30047776177526,8117210422
2022-01-14T16:35:32Z,3115.19,2.323,130,94,2827,1868.02,40.02701969817281,-105.30046108178794,8117210422
2022-01-14T16:35:33Z,3117.24,2.277,131,94,2828,1868.02,40.02700662240386,-105.30044415034354,8117210422
2022-01-14T16:35:34Z,3119.26,2.249,131,94,2829,1867.34,40.02699287608266,-105.30042839236557,8117210422
2022-01-14T16:35:35Z,3121.16,2.221,132,94,2830,1866.42,40.02697770483792,-105.30041766352952,8117210422
2022-01-14T16:35:36Z,3123.14,2.193,133,94,2831,1866.42,40.02696018666029,-105.30041271820664,8117210422
2022-01-14T16:35:37Z,3125.49,2.165,134,94,2832,1865.53,40.02693914808333,-105.30040928162634,8117210422
2022-01-14T16:35:38Z,3127.48,2.165,134,94,2833,1864.83,40.026922384276986,-105.30040081590414,8117210422
2022-01-14T16:35:39Z,3129.29,2.174,134,94,2834,1864.05,40.02690897323191,-105.3003888297826,8117210422
2022-01-14T16:35:40Z,3131.15,2.174,135,94,2835,1864.05,40.026894053444266,-105.30037860386074,8117210422
2022-01-14T16:35:41Z,3132.95,2.146,135,94,2836,1862.51,40.026881732046604,-105.3003647737205,8117210422
2022-01-14T16:35:42Z,3134.4,2.118,135,94,2837,1862.51,40.0268732663244,-105.30035178177059,8117210422
2022-01-14T16:35:43Z,3135.59,2.006,136,94,2838,1862.51,40.02686681225896,-105.3003404662013,8117210422
2022-01-14T16:35:44Z,3137.22,1.754,136,94,2839,1861.71,40.02685323357582,-105.30033334158361,8117210422
2022-01-14T16:35:45Z,3139.19,1.754,137,94,2840,1860.64,40.026836302131414,-105.30032613314688,8117210422
2022-01-14T16:35:46Z,3140.81,1.857,137,94,2841,1860.64,40.02682381309569,-105.30031615868211,8117210422
2022-01-14T16:35:47Z,3142.24,1.857,137,94,2842,1859.37,40.02681207843125,-105.30030886642635,8117210422
2022-01-14T16:35:48Z,3143.62,1.745,136,94,2843,1858.85,40.0268026906997,-105.30029838904738,8117210422
2022-01-14T16:35:49Z,3144.68,1.661,136,94,2844,1858.85,40.02679975703359,-105.30028631910682,8117210422
2022-01-14T16:35:50Z,3145.86,1.642,136,94,2845,1858.85,40.02679489552975,-105.30027383007109,8117210422
2022-01-14T16:35:51Z,3147.32,1.484,136,94,2846,1858.25,40.02678852528334,-105.30025874264538,8117210422
2022-01-14T16:35:52Z,3148.56,1.484,136,94,2847,1858.25,40.026784501969814,-105.30024533160031,8117210422
2022-01-14T16:35:53Z,3149.65,1.54,136,94,2848,1857.19,40.0267783831805,-105.30023451894522,8117210422
2022-01-14T16:35:54Z,3150.78,1.54,136,94,2849,1856.6,40.02677109092474,-105.30022513121367,8117210422
2022-01-14T16:35:55Z,3152.29,1.409,136,94,2850,1856.6,40.02675885334611,-105.30021741986275,8117210422
2022-01-14T16:35:56Z,3154.34,1.409,136,94,2851,1855.62,40.026741502806544,-105.30020887032151,8117210422
2022-01-14T16:35:57Z,3156.26,1.717,136,94,2852,1855.62,40.02672549337149,-105.30020048841834,8117210422
2022-01-14T16:35:58Z,3157.99,1.95,136,94,2853,1854.11,40.02671015448868,-105.30019629746675,8117210422
2022-01-14T16:35:59Z,3159.81,1.95,135,94,2854,1854.52,40.02669372595847,-105.30020006932318,8117210422
2022-01-14T16:36:00Z,3161.75,1.941,135,94,2855,1854.52,40.026677548885345,-105.30020878650248,8117210422
2022-01-14T16:36:01Z,3163.75,1.941,134,94,2856,1853.3,40.02666170708835,-105.30022052116692,8117210422
2022-01-14T16:36:02Z,3165.75,1.978,134,94,2857,1853.3,40.026644775643945,-105.30022898688912,8117210422
2022-01-14T16:36:03Z,3167.37,1.997,134,94,2858,1851.99,40.026630191132426,-105.30023233965039,8117210422
2022-01-14T16:36:04Z,3169,1.997,135,94,2859,1851.99,40.02661569043994,-105.30023007653654,8117210422
2022-01-14T16:36:05Z,3170.75,1.819,135,94,2860,1850.58,40.02659968100488,-105.300228651613,8117210422
2022-01-14T16:36:06Z,3172.14,1.819,135,94,2861,1850.58,40.02658752724528,-105.30022420920432,8117210422
2022-01-14T16:36:07Z,3173.24,1.801,135,94,2862,1850.58,40.02657772041857,-105.30022043734789,8117210422
2022-01-14T16:36:08Z,3174.34,1.633,134,94,2863,1849.11,40.02656782977283,-105.30022043734789,8117210422
2022-01-14T16:36:09Z,3175.44,1.502,134,94,2864,1849.11,40.02655810676515,-105.3002236224711,8117210422
2022-01-14T16:36:10Z,3176.5,1.493,134,94,2865,1849.11,40.02654863521457,-105.30022513121367,8117210422
2022-01-14T16:36:11Z,3177.62,1.484,134,94,2866,1849.11,40.02653857693076,-105.30022647231817,8117210422
2022-01-14T16:36:12Z,3179.22,1.446,134,94,2867,1847.71,40.026524076238275,-105.30022555030882,8117210422
2022-01-14T16:36:13Z,3181.25,1.437,133,94,2868,1847.71,40.02650689333677,-105.30021700076759,8117210422
2022-01-14T16:36:14Z,3183.35,1.885,132,94,2869,1846.35,40.02649339847267,-105.3001993149519,8117210422
2022-01-14T16:36:15Z,3185.29,2.09,132,94,2870,1846.54,40.02648535184562,-105.30017886310816,8117210422
2022-01-14T16:36:16Z,3186.79,2.09,131,94,2871,1846.64,40.02648266963661,-105.30016168020666,8117210422
2022-01-14T16:36:17Z,3188.14,1.969,131,94,2872,1846.64,40.02647596411407,-105.30014826916158,8117210422
2022-01-14T16:36:18Z,3189.51,1.782,131,94,2873,1846.64,40.02646716311574,-105.3001369535923,8117210422
2022-01-14T16:36:19Z,3191.23,1.633,131,94,2874,1845,40.026454674080014,-105.3001247998327,8117210422
2022-01-14T16:36:20Z,3193.47,1.633,131,94,2875,1845,40.026438077911735,-105.30010979622602,8117210422
2022-01-14T16:36:21Z,3195.49,1.736,131,94,2876,1843.29,40.026422487571836,-105.30009764246643,8117210422
2022-01-14T16:36:22Z,3197.3,1.997,131,94,2877,1843.18,40.026408741250634,-105.30008607544005,8117210422
2022-01-14T16:36:23Z,3198.86,1.997,131,94,2878,1843.18,40.02639616839588,-105.30007786117494,8117210422
2022-01-14T16:36:24Z,3200.46,1.819,130,94,2879,1841.52,40.02638367936015,-105.30006830580533,8117210422
2022-01-14T16:36:25Z,3202.21,1.652,131,94,2880,1841.79,40.026371693238616,-105.30005514621735,8117210422
2022-01-14T16:36:26Z,3203.98,1.652,130,94,2881,1841.79,40.02636004239321,-105.3000404778868,8117210422
2022-01-14T16:36:27Z,3205.55,1.708,130,94,2882,1840.24,40.02634755335748,-105.30003117397428,8117210422
2022-01-14T16:36:28Z,3207.38,1.708,130,94,2883,1840.24,40.026332130655646,-105.30002354644239,8117210422
2022-01-14T16:36:29Z,3209.32,1.708,130,94,2884,1839.4,40.026315869763494,-105.30001482926309,8117210422
2022-01-14T16:36:30Z,3210.75,1.708,129,94,2885,1839.4,40.026304638013244,-105.30000644735992,8117210422
2022-01-14T16:36:31Z,3211.69,1.708,129,88,2886,1839.4,40.026296926662326,-105.30000208877027,8117210422
2022-01-14T16:36:32Z,3212.67,1.652,129,88,2887,1837.92,40.026288125663996,-105.29999982565641,8117210422
2022-01-14T16:36:33Z,3214.39,1.045,129,88,2888,1837.92,40.0262725353241,-105.30000007711351,8117210422
2022-01-14T16:36:34Z,3216.25,1.045,129,88,2889,1837.92,40.02625593915582,-105.29999672435224,8117210422
2022-01-14T16:36:35Z,3218.01,1.512,129,88,2890,1836.66,40.0262413546443,-105.2999884262681,8117210422
2022-01-14T16:36:36Z,3219.97,1.67,128,88,2891,1837.7,40.02622475847602,-105.29998054727912,8117210422
2022-01-14T16:36:37Z,3222.38,1.698,127,88,2892,1836.6,40.02620464190841,-105.29997006990016,8117210422
2022-01-14T16:36:38Z,3225.04,1.736,126,88,2893,1836.6,40.026184022426605,-105.29995389282703,8117210422
2022-01-14T16:36:39Z,3228.32,2.062,126,85,2894,1836.64,40.026156613603234,-105.29993939213455,8117210422
2022-01-14T16:36:40Z,3231.71,2.295,125,85,2895,1835.56,40.02612819895148,-105.29992438852787,8117210422
2022-01-14T16:36:41Z,3235.36,2.37,126,85,2896,1835.39,40.02609726972878,-105.29991022311151,8117210422
2022-01-14T16:36:42Z,3238.81,2.482,126,85,2897,1834.35,40.026067681610584,-105.29989765025675,8117210422
2022-01-14T16:36:43Z,3241.68,2.519,126,85,2898,1833.39,40.02604194916785,-105.29989128001034,8117210422
2022-01-14T16:36:44Z,3244.77,2.575,127,85,2899,1833.39,40.02601420506835,-105.2998901065439,8117210422
2022-01-14T16:36:45Z,3248.09,2.585,127,85,2900,1832.54,40.025984700769186,-105.2998832333833,8117210422
2022-01-14T16:36:46Z,3250.96,2.659,128,85,2901,1833.03,40.02596005797386,-105.29987325891852,8117210422
2022-01-14T16:36:47Z,3253.71,2.659,128,91,2902,1832.14,40.02593616954982,-105.29986470937729,8117210422
2022-01-14T16:36:48Z,3256.35,2.613,128,91,2903,1832.14,40.025913370773196,-105.29985540546477,8117210422
2022-01-14T16:36:49Z,3258.65,2.566,129,91,2904,1831.22,40.02589308656752,-105.2998486161232,8117210422
2022-01-14T16:36:50Z,3261.19,2.519,130,91,2905,1832.47,40.02587053924799,-105.29984375461936,8117210422
2022-01-14T16:36:51Z,3263.89,2.435,130,91,2906,1831.44,40.02584648318589,-105.29983864165843,8117210422
2022-01-14T16:36:52Z,3266.54,2.435,130,91,2907,1830.4,40.02582309767604,-105.29983151704073,8117210422
2022-01-14T16:36:53Z,3268.95,2.435,131,91,2908,1830.4,40.02580465748906,-105.2998160943389,8117210422
2022-01-14T16:36:54Z,3271.12,2.435,131,91,2909,1830.55,40.02578755840659,-105.29980327002704,8117210422
2022-01-14T16:36:55Z,3273.45,2.407,130,91,2910,1830.55,40.02576760947704,-105.29979480430484,8117210422
2022-01-14T16:36:56Z,3276.04,2.37,130,91,2911,1829.55,40.02574539743364,-105.29978499747813,8117210422
2022-01-14T16:36:57Z,3278.45,2.37,130,91,2912,1828.62,40.025724191218615,-105.29977896250784,8117210422
2022-01-14T16:36:58Z,3280.88,2.37,129,91,2913,1829.56,40.02570239827037,-105.29977393336594,8117210422
2022-01-14T16:36:59Z,3283.3,2.37,129,91,2914,1828.48,40.025681275874376,-105.29976605437696,8117210422
2022-01-14T16:37:00Z,3285.66,2.351,129,91,2915,1828.48,40.02565948292613,-105.2997640427202,8117210422
2022-01-14T16:37:01Z,3287.56,2.351,129,91,2916,1827.38,40.02564271911979,-105.29975909739733,8117210422
2022-01-14T16:37:02Z,3289.47,2.333,129,91,2917,1827.38,40.02562587149441,-105.29975540935993,8117210422
2022-01-14T16:37:03Z,3291.8,2.305,129,87,2918,1826.25,40.02560516819358,-105.29974853619933,8117210422
2022-01-14T16:37:04Z,3294.29,2.286,129,87,2919,1825.56,40.02558371052146,-105.29973722063005,8117210422
2022-01-14T16:37:05Z,3296.8,2.286,130,87,2920,1825.56,40.02556694671512,-105.29971710406244,8117210422
2022-01-14T16:37:06Z,3299.44,2.295,129,87,2921,1826.07,40.02555387094617,-105.29969120398164,8117210422
2022-01-14T16:37:07Z,3302.01,2.305,130,84,2922,1825.15,40.02553727477789,-105.29967024922371,8117210422
2022-01-14T16:37:08Z,3304.44,2.314,130,84,2923,1825.15,40.02551925368607,-105.29965398833156,8117210422
2022-01-14T16:37:09Z,3306.89,2.314,130,84,2924,1823.75,40.02550005912781,-105.29963948763907,8117210422
2022-01-14T16:37:10Z,3309.21,2.314,131,84,2925,1822.88,40.0254815351218,-105.29962683096528,8117210422
2022-01-14T16:37:11Z,3311.59,2.314,131,84,2926,1822.88,40.025460831820965,-105.29961962252855,8117210422
2022-01-14T16:37:12Z,3314.02,2.314,132,84,2927,1821.47,40.02543945796788,-105.29961383901536,8117210422
2022-01-14T16:37:13Z,3316.61,2.314,133,84,2928,1821.47,40.02541665919125,-105.29960663057864,8117210422
2022-01-14T16:37:14Z,3319.22,2.323,134,84,2929,1820.95,40.02539377659559,-105.29959900304675,8117210422
2022-01-14T16:37:15Z,3321.94,2.323,134,84,2930,1819.7,40.0253708101809,-105.2995861787349,8117210422
2022-01-14T16:37:16Z,3324.7,2.333,134,84,2931,1819.7,40.02535077743232,-105.2995669003576,8117210422
2022-01-14T16:37:17Z,3327.38,2.351,134,98,2932,1819.58,40.025331415235996,-105.29954770579934,8117210422
2022-01-14T16:37:18Z,3330.21,2.361,133,98,2933,1820.68,40.02531255595386,-105.29952532611787,8117210422
2022-01-14T16:37:19Z,3332.76,2.445,133,98,2934,1819.47,40.02529436722398,-105.2995068859309,8117210422
2022-01-14T16:37:20Z,3335.44,2.566,133,98,2935,1819.47,40.02527148462832,-105.29949707910419,8117210422
2022-01-14T16:37:21Z,3338.47,2.585,133,98,2936,1819.26,40.02524692565203,-105.29948123730719,8117210422
2022-01-14T16:37:22Z,3341.97,2.799,133,98,2937,1819.09,40.02522018738091,-105.29945902526379,8117210422
2022-01-14T16:37:23Z,3345.02,3.014,134,88,2938,1817.71,40.02519772388041,-105.29943848960102,8117210422
2022-01-14T16:37:24Z,3347.83,3.014,134,88,2939,1818.95,40.02517685294151,-105.29941971413791,8117210422
2022-01-14T16:37:25Z,3350.62,2.799,134,88,2940,1817.56,40.02515623345971,-105.29940018430352,8117210422
2022-01-14T16:37:26Z,3353.2,2.706,134,88,2941,1818.79,40.0251395534724,-105.2993789780885,8117210422
2022-01-14T16:37:27Z,3355.38,2.706,135,88,2942,1817.36,40.02512639388442,-105.2993599511683,8117210422
2022-01-14T16:37:28Z,3357.89,2.669,135,88,2943,1818.46,40.02511139027774,-105.29933807440102,8117210422
2022-01-14T16:37:29Z,3360.43,2.547,135,88,2944,1819.39,40.02509672194719,-105.29931519180536,8117210422
2022-01-14T16:37:30Z,3362.65,2.519,135,88,2945,1818.07,40.025083646178246,-105.29929549433291,8117210422
2022-01-14T16:37:31Z,3364.57,2.491,135,88,2946,1818.88,40.02506964839995,-105.29928208328784,8117210422
2022-01-14T16:37:32Z,3365.65,2.445,136,87,2947,1818.88,40.02506143413484,-105.29927487485111,8117210422
2022-01-14T16:37:33Z,3367.07,2.389,136,87,2948,1817.6,40.02504869364202,-105.29927412047982,8117210422
2022-01-14T16:37:34Z,3368.53,2.09,136,61,2949,1817.6,40.025035785511136,-105.29927060008049,8117210422
2022-01-14T16:37:35Z,3370.22,2.043,136,61,2950,1816.12,40.02502086572349,-105.299266660586,8117210422
2022-01-14T16:37:36Z,3371.89,1.81,137,61,2951,1816.12,40.025005862116814,-105.29926531948149,8117210422
2022-01-14T16:37:37Z,3373.7,1.642,137,61,2952,1814.51,40.02498968504369,-105.29926179908216,8117210422
2022-01-14T16:37:38Z,3375.64,1.577,137,61,2953,1814.51,40.02497308887541,-105.29925417155027,8117210422
2022-01-14T16:37:39Z,3377.95,1.568,137,61,2954,1813.9,40.02495439723134,-105.2992421016097,8117210422
2022-01-14T16:37:40Z,3380.71,1.586,137,61,2955,1813.9,40.02492816187441,-105.29923531226814,8117210422
2022-01-14T16:37:41Z,3383.1,1.652,137,61,2956,1812.31,40.02491131424904,-105.29921720735729,8117210422
2022-01-14T16:37:42Z,3385.09,1.764,137,61,2957,1812.94,40.02489815466106,-105.29920103028417,8117210422
2022-01-14T16:37:43Z,3386.72,1.773,137,89,2958,1812.94,40.024887258186936,-105.29918812215328,8117210422
2022-01-14T16:37:44Z,3389.17,1.791,137,89,2959,1811.87,40.024867141619325,-105.29917638748884,8117210422
2022-01-14T16:37:45Z,3391.84,1.819,136,89,2960,1810.97,40.024843756109476,-105.2991683408618,8117210422
2022-01-14T16:37:46Z,3394.26,1.978,137,89,2961,1810.97,40.02482213079929,-105.29916289262474,8117210422
2022-01-14T16:37:47Z,3397.01,2.221,137,92,2962,1810.39,40.02479765564203,-105.29915828257799,8117210422
2022-01-14T16:37:48Z,3399.27,2.277,137,92,2963,1809.91,40.024777706712484,-105.29915333725512,8117210422
2022-01-14T16:37:49Z,3401.13,2.277,137,92,2964,1809.91,40.02476127818227,-105.29914872720838,8117210422
2022-01-14T16:37:50Z,3402.49,2.267,138,92,2965,1809.91,40.02474912442267,-105.29914679937065,8117210422
2022-01-14T16:37:51Z,3404.29,2.006,138,92,2966,1809.29,40.02473345026374,-105.29915283434093,8117210422
2022-01-14T16:37:52Z,3406.09,1.801,137,92,2967,1809.29,40.02471744082868,-105.29915660619736,8117210422
2022-01-14T16:37:53Z,3407.85,1.801,138,92,2968,1808.63,40.02470126375556,-105.29915685765445,8117210422
2022-01-14T16:37:54Z,3409.7,1.866,138,92,2969,1808.63,40.02468466758728,-105.2991580311209,8117210422
2022-01-14T16:37:55Z,3412.07,1.959,138,89,2970,1808.03,40.024663377553225,-105.29916021041572,8117210422
2022-01-14T16:37:56Z,3414.49,2.025,138,89,2971,1808.03,40.02464166842401,-105.2991577796638,8117210422
2022-01-14T16:37:57Z,3417.28,2.109,138,89,2972,1807.45,40.024616522714496,-105.29915652237833,8117210422
2022-01-14T16:37:58Z,3420.25,2.165,138,89,2973,1806.86,40.02458995208144,-105.29915342107415,8117210422
2022-01-14T16:37:59Z,3422.91,2.239,137,89,2974,1806.18,40.02456639893353,-105.29914646409452,8117210422
2022-01-14T16:38:00Z,3425.24,2.333,137,89,2975,1807.91,40.02454577945173,-105.2991403453052,8117210422
2022-01-14T16:38:01Z,3427.62,2.342,137,92,2976,1807.16,40.024525159969926,-105.29913280159235,8117210422
2022-01-14T16:38:02Z,3429.8,2.342,138,93,2977,1807.16,40.02450663596392,-105.29912374913692,8117210422
2022-01-14T16:38:03Z,3431.78,2.342,138,93,2978,1806.2,40.02448886632919,-105.29912031255662,8117210422
2022-01-14T16:38:04Z,3433.88,2.323,138,93,2979,1806.2,40.02446975558996,-105.29911947436631,8117210422
2022-01-14T16:38:05Z,3436.3,2.314,138,93,2980,1805.03,40.024447962641716,-105.29911821708083,8117210422
2022-01-14T16:38:06Z,3438.81,2.314,138,93,2981,1803.89,40.02442608587444,-105.29911092482507,8117210422
2022-01-14T16:38:07Z,3441.55,2.333,138,93,2982,1805.58,40.024402532726526,-105.29910153709352,8117210422
2022-01-14T16:38:08Z,3444.12,2.351,138,93,2983,1804.38,40.024380991235375,-105.2990903891623,8117210422
2022-01-14T16:38:09Z,3446.69,2.379,138,93,2984,1804.38,40.02435877919197,-105.29908150434494,8117210422
2022-01-14T16:38:10Z,3449.27,2.389,137,93,2985,1804.98,40.02433690242469,-105.29907127842307,8117210422
2022-01-14T16:38:11Z,3451.98,2.398,138,93,2986,1804.09,40.024314019829035,-105.29906038194895,8117210422
2022-01-14T16:38:12Z,3453.78,2.407,138,93,2987,1804.09,40.024300357326865,-105.29904747381806,8117210422
2022-01-14T16:38:13Z,3455.65,2.407,137,78,2988,1802.88,40.02428443171084,-105.29904034920037,8117210422
2022-01-14T16:38:14Z,3458.09,2.398,137,78,2989,1804.37,40.024263225495815,-105.29903314076364,8117210422
2022-01-14T16:38:15Z,3460.77,2.314,137,89,2990,1803.01,40.02424042671919,-105.29902266338468,8117210422
2022-01-14T16:38:16Z,3463.75,2.314,136,89,2991,1801.83,40.02421645447612,-105.29900640249252,8117210422
2022-01-14T16:38:17Z,3466.52,2.379,135,89,2992,1803.22,40.0241968408227,-105.29898620210588,8117210422
2022-01-14T16:38:18Z,3469.21,2.426,135,89,2993,1803.27,40.02417840063572,-105.29896575026214,8117210422
2022-01-14T16:38:19Z,3472.06,2.482,135,89,2994,1803.27,40.02415543422103,-105.29894915409386,8117210422
2022-01-14T16:38:20Z,3474.74,2.491,135,89,2995,1802.84,40.02413364127278,-105.29893373139203,8117210422
2022-01-14T16:38:21Z,3477.06,2.519,135,89,2996,1802.84,40.024116123095155,-105.29891897924244,8117210422
2022-01-14T16:38:22Z,3479.33,2.519,134,89,2997,1801.08,40.02409692853689,-105.29890967532992,8117210422
2022-01-14T16:38:23Z,3481.63,2.463,134,89,2998,1799.26,40.02407714724541,-105.29889953322709,8117210422
2022-01-14T16:38:24Z,3484,2.463,133,89,2999,1799.94,40.024057952687144,-105.2988866250962,8117210422
2022-01-14T16:38:25Z,3486.78,2.445,133,89,3000,1798.1,40.02403465099633,-105.29887380078435,8117210422
2022-01-14T16:38:26Z,3490.04,2.454,133,84,3001,1798.71,40.02400875091553,-105.29885510914028,8117210422
2022-01-14T16:38:27Z,3493.35,2.463,133,84,3002,1797.09,40.02398486249149,-105.29883147217333,8117210422
2022-01-14T16:38:28Z,3496.35,2.501,133,84,3003,1796.13,40.0239671766758,-105.29880490154028,8117210422
2022-01-14T16:38:29Z,3499.09,2.547,132,85,3004,1796.55,40.02395167015493,-105.29877975583076,8117210422
2022-01-14T16:38:30Z,3501.61,2.575,132,85,3005,1796.74,40.02393800765276,-105.29875586740673,8117210422
2022-01-14T16:38:31Z,3503.77,2.585,132,85,3006,1795.33,40.023930715397,-105.29873214662075,8117210422
2022-01-14T16:38:32Z,3505.51,2.566,131,86,3007,1795.22,40.02392669208348,-105.29871236532927,8117210422
2022-01-14T16:38:33Z,3507.14,2.538,131,86,3008,1795.22,40.02391805872321,-105.29869694262743,8117210422
2022-01-14T16:38:34Z,3509.08,2.51,131,86,3009,1794.85,40.02390330657363,-105.29868453741074,8117210422
2022-01-14T16:38:35Z,3511.12,2.473,132,86,3010,1793.98,40.02388511784375,-105.2986812684685,8117210422
2022-01-14T16:38:36Z,3513.44,2.463,132,87,3011,1793.47,40.023864498361945,-105.29868587851524,8117210422
2022-01-14T16:38:37Z,3515.9,2.445,131,87,3012,1793.42,40.023842956870794,-105.29869266785681,8117210422
2022-01-14T16:38:38Z,3518.83,2.435,132,87,3013,1793.2,40.02381722442806,-105.2987005468458,8117210422
2022-01-14T16:38:39Z,3521.87,2.435,132,87,3014,1793.26,40.02379031851888,-105.29870708473027,8117210422
2022-01-14T16:38:40Z,3525.1,2.445,132,87,3015,1793.34,40.023761400952935,-105.29871102422476,8117210422
2022-01-14T16:38:41Z,3528.18,2.463,132,87,3016,1793.34,40.023733573034406,-105.2987121976912,8117210422
2022-01-14T16:38:42Z,3531.59,2.491,132,87,3017,1793.41,40.0237028952688,-105.29870993457735,8117210422
2022-01-14T16:38:43Z,3534.79,2.519,132,88,3018,1793.46,40.02367422915995,-105.29870591126382,8117210422
2022-01-14T16:38:44Z,3537.52,2.538,132,88,3019,1793.55,40.023649921640754,-105.29870104975998,8117210422
2022-01-14T16:38:45Z,3540.1,2.566,132,90,3020,1793.55,40.02362670376897,-105.2986987028271,8117210422
2022-01-14T16:38:46Z,3542.61,2.575,133,92,3021,1793.76,40.02360415644944,-105.29870063066483,8117210422
2022-01-14T16:38:47Z,3545.47,2.575,132,92,3022,1794,40.02357850782573,-105.2987050730735,8117210422
2022-01-14T16:38:48Z,3548.08,2.575,133,91,3023,1794,40.023555122315884,-105.29870834201574,8117210422
2022-01-14T16:38:49Z,3550.56,2.603,132,90,3024,1794.2,40.02353299409151,-105.29871203005314,8117210422
2022-01-14T16:38:50Z,3553.22,2.603,132,90,3025,1794.37,40.02350960858166,-105.29871923848987,8117210422
2022-01-14T16:38:51Z,3556.27,2.594,133,89,3026,1792.91,40.02348228357732,-105.29872451908886,8117210422
2022-01-14T16:38:52Z,3559.25,2.594,133,89,3027,1794.48,40.023455545306206,-105.29872259125113,8117210422
2022-01-14T16:38:53Z,3561.94,2.631,134,89,3028,1794.52,40.023431573063135,-105.29871814884245,8117210422
2022-01-14T16:38:54Z,3564.94,2.65,134,89,3029,1794.48,40.023404750972986,-105.29871328733861,8117210422
2022-01-14T16:38:55Z,3567.78,2.659,134,89,3030,1794.48,40.02337935380638,-105.29870926402509,8117210422
2022-01-14T16:38:56Z,3570.43,2.687,134,89,3031,1794.29,40.02335513010621,-105.29870926402509,8117210422
2022-01-14T16:38:57Z,3572.74,2.697,134,85,3032,1793.99,40.023334762081504,-105.298703731969,8117210422
2022-01-14T16:38:58Z,3574.25,2.697,133,85,3033,1793.99,40.023321686312556,-105.29869912192225,8117210422
2022-01-14T16:38:59Z,3575.37,2.65,134,85,3034,1793.99,40.023311795666814,-105.29869635589421,8117210422
2022-01-14T16:39:00Z,3576.01,2.547,134,83,3035,1793.99,40.02330576069653,-105.29869643971324,8117210422
2022-01-14T16:39:01Z,3576.83,2.323,133,79,3036,1793.63,40.0232985522598,-105.29869878664613,8117210422
2022-01-14T16:39:02Z,3578.17,1.054,133,86,3037,1793.63,40.0232866499573,-105.29869627207518,8117210422
2022-01-14T16:39:03Z,3580.64,1.054,133,86,3038,1793.18,40.023264521732926,-105.298693170771,8117210422
2022-01-14T16:39:04Z,3583.03,1.334,132,86,3039,1794.96,40.023243399336934,-105.298687890172,8117210422
2022-01-14T16:39:05Z,3586.15,2.109,133,86,3040,1794.29,40.0232158228755,-105.29868009500206,8117210422
2022-01-14T16:39:06Z,3589.32,2.305,133,86,3041,1793.42,40.02318841405213,-105.29866961762309,8117210422
2022-01-14T16:39:07Z,3592.25,2.846,133,86,3042,1792.27,40.023162765428424,-105.29866131953895,8117210422
2022-01-14T16:39:08Z,3595.41,2.939,134,86,3043,1792.27,40.02313460223377,-105.29865528456867,8117210422
2022-01-14T16:39:09Z,3598.34,2.976,134,85,3044,1792.75,40.023109037429094,-105.29864564538002,8117210422
2022-01-14T16:39:10Z,3600.66,2.976,134,85,3045,1791.53,40.023089004680514,-105.29863759875298,8117210422
2022-01-14T16:39:11Z,3603.26,2.781,134,85,3046,1791.53,40.02306587062776,-105.29863282106817,8117210422
2022-01-14T16:39:12Z,3605.76,2.501,134,85,3047,1790.36,40.023043574765325,-105.29862754046917,8117210422
2022-01-14T16:39:13Z,3608.53,2.501,135,85,3048,1790.4,40.023020105436444,-105.29861656017601,8117210422
2022-01-14T16:39:14Z,3611.39,2.529,136,84,3049,1790.4,40.02299638465047,-105.29860314913094,8117210422
2022-01-14T16:39:15Z,3614.06,2.603,135,84,3050,1788.95,40.02297341823578,-105.29859149828553,8117210422
2022-01-14T16:39:16Z,3616.43,2.631,136,84,3051,1788.03,40.02295397222042,-105.29857699759305,8117210422
2022-01-14T16:39:17Z,3618.73,2.631,137,84,3052,1788.03,40.022938968613744,-105.298558389768,8117210422
2022-01-14T16:39:18Z,3620.8,2.547,137,84,3053,1788.49,40.022925306111574,-105.29854196123779,8117210422
2022-01-14T16:39:19Z,3622.19,2.547,138,84,3054,1786.6,40.022915080189705,-105.2985324896872,8117210422
2022-01-14T16:39:20Z,3623.26,2.463,137,83,3055,1786.6,40.022905776277184,-105.29852880164981,8117210422
2022-01-14T16:39:21Z,3624.25,2.333,138,83,3056,1786.6,40.022896975278854,-105.29852670617402,8117210422
2022-01-14T16:39:22Z,3625.2,2.221,138,83,3057,1786.6,40.02288892865181,-105.29852276667953,8117210422
2022-01-14T16:39:23Z,3626.14,2.118,138,83,3058,1784.9,40.022882306948304,-105.2985158096999,8117210422
2022-01-14T16:39:24Z,3627.06,2.053,138,83,3059,1785.31,40.02287509851158,-105.2985105291009,8117210422
2022-01-14T16:39:25Z,3628.14,1.829,138,83,3060,1785.31,40.02286554314196,-105.29850751161575,8117210422
2022-01-14T16:39:26Z,3629.3,1.418,138,83,3061,1785.31,40.02285556867719,-105.29850390739739,8117210422
2022-01-14T16:39:27Z,3630.43,1.418,137,83,3062,1783.68,40.02284559421241,-105.29850114136934,8117210422
2022-01-14T16:39:28Z,3631.41,1.456,137,83,3063,1783.68,40.02283670939505,-105.29850047081709,8117210422
2022-01-14T16:39:29Z,3632.36,1.456,136,83,3064,1783.68,40.02282824367285,-105.29850005172193,8117210422
2022-01-14T16:39:30Z,3633.21,1.325,136,83,3065,1783.68,40.02282053232193,-105.29850063845515,8117210422
2022-01-14T16:39:31Z,3634.32,1.232,135,83,3066,1782.1,40.02281080931425,-105.29849703423679,8117210422
2022-01-14T16:39:32Z,3635.59,1.213,134,83,3067,1782.1,40.02280008047819,-105.29849166981876,8117210422
2022-01-14T16:39:33Z,3636.92,1.213,134,83,3068,1782.1,40.02278977073729,-105.29848320409656,8117210422
2022-01-14T16:39:34Z,3638.04,1.381,133,83,3069,1782.1,40.02277996391058,-105.29847976751626,8117210422
2022-01-14T16:39:35Z,3639.34,1.39,132,83,3070,1780.9,40.022768564522266,-105.29847557656467,8117210422
2022-01-14T16:39:36Z,3640.39,1.437,132,65,3071,1780.9,40.022758673876524,-105.2984772529453,8117210422
2022-01-14T16:39:37Z,3641.66,1.39,131,65,3072,1780.9,40.022747525945306,-105.29847331345081,8117210422
2022-01-14T16:39:38Z,3642.71,1.148,130,65,3073,1779.12,40.02273855730891,-105.29846920631826,8117210422
2022-01-14T16:39:39Z,3643.43,1.148,130,65,3074,1779.12,40.02273252233863,-105.29846627265215,8117210422
2022-01-14T16:39:40Z,3644.25,1.148,130,65,3075,1779.12,40.02272489480674,-105.29847322963178,8117210422
2022-01-14T16:39:41Z,3645.03,1.008,130,65,3076,1779.12,40.02271793782711,-105.29847172088921,8117210422
2022-01-14T16:39:42Z,3645.86,1.008,129,65,3077,1779.12,40.022710813209414,-105.29846895486116,8117210422
2022-01-14T16:39:43Z,3646.64,0.942,129,65,3078,1777.37,40.02270326949656,-105.29846895486116,8117210422
2022-01-14T16:39:44Z,3647.53,0.933,129,65,3079,1777.37,40.02269530668855,-105.2984669432044,8117210422
2022-01-14T16:39:45Z,3649,0.933,128,65,3080,1777.37,40.02268164418638,-105.29846585355699,8117210422
2022-01-14T16:39:46Z,3650.24,0.952,127,65,3081,1775.66,40.02267066389322,-105.29846291989088,8117210422
2022-01-14T16:39:47Z,3651.6,1.176,127,65,3082,1775.66,40.02266035415232,-105.29845361597836,8117210422
2022-01-14T16:39:48Z,3653.05,1.232,126,65,3083,1776.4,40.02265054732561,-105.29844162985682,8117210422
2022-01-14T16:39:49Z,3655.23,1.241,126,65,3084,1774.63,40.02263713628054,-105.2984220162034,8117210422
2022-01-14T16:39:50Z,3657.17,1.288,126,65,3085,1774.63,40.02262347377837,-105.29840785078704,8117210422
2022-01-14T16:39:51Z,3659.3,1.512,126,65,3086,1775.6,40.02260696142912,-105.29839511029422,8117210422
2022-01-14T16:39:52Z,3661.81,1.614,125,65,3087,1773.81,40.02258885651827,-105.29837750829756,8117210422
2022-01-14T16:39:53Z,3664.53,1.661,125,65,3088,1773.29,40.02256781794131,-105.29836116358638,8117210422
2022-01-14T16:39:54Z,3666.79,1.717,125,65,3089,1773.29,40.02255214378238,-105.298344315961,8117210422
2022-01-14T16:39:55Z,3668.38,1.773,126,65,3090,1774.38,40.022540744394064,-105.2983326651156,8117210422
2022-01-14T16:39:56Z,3669.93,1.773,126,65,3091,1772.77,40.02252833917737,-105.29832419939339,8117210422
2022-01-14T16:39:57Z,3671.55,1.736,126,65,3092,1772.77,40.02251610159874,-105.29831388965249,8117210422
2022-01-14T16:39:58Z,3673.88,1.68,126,91,3093,1773.7,40.02249799668789,-105.29829997569323,8117210422
2022-01-14T16:39:59Z,3676.09,1.689,126,91,3094,1772.02,40.02248089760542,-105.29828673228621,8117210422
2022-01-14T16:40:00Z,3678.15,1.866,126,91,3095,1772.02,40.02246572636068,-105.29827281832695,8117210422
2022-01-14T16:40:01Z,3680.81,2.015,126,91,3096,1771.36,40.022444603964686,-105.29825798235834,8117210422
2022-01-14T16:40:02Z,3683.85,2.09,125,91,3097,1770.04,40.02241987735033,-105.29824214056134,8117210422
2022-01-14T16:40:03Z,3686.68,2.211,125,91,3098,1771.14,40.02239967696369,-105.2982219401747,8117210422
2022-01-14T16:40:04Z,3689.13,2.351,125,91,3099,1769.88,40.022379057481885,-105.29821179807186,8117210422
2022-01-14T16:40:05Z,3691.43,2.361,125,91,3100,1769.88,40.022358521819115,-105.29820727184415,8117210422
2022-01-14T16:40:06Z,3693.69,2.37,126,91,3101,1768.43,40.022338069975376,-105.29820811003447,8117210422
2022-01-14T16:40:07Z,3694.91,2.37,125,91,3102,1768.43,40.02232692204416,-105.29820911586285,8117210422
2022-01-14T16:40:08Z,3696.07,2.305,126,91,3103,1766.95,40.02231636084616,-105.29820903204381,8117210422
2022-01-14T16:40:09Z,3697.76,1.754,126,91,3104,1766.95,40.02230102196336,-105.29820802621543,8117210422
2022-01-14T16:40:10Z,3699.14,1.745,126,91,3105,1766.95,40.02228853292763,-105.29820777475834,8117210422
2022-01-14T16:40:11Z,3700.57,1.745,126,91,3106,1765.59,40.02227621152997,-105.29821305535734,8117210422
2022-01-14T16:40:12Z,3701.61,1.745,126,91,3107,1765.59,40.02226690761745,-105.29821456409991,8117210422
2022-01-14T16:40:13Z,3702.75,1.512,127,91,3108,1765.59,40.02225668169558,-105.29821607284248,8117210422
2022-01-14T16:40:14Z,3703.85,1.512,127,91,3109,1764.59,40.02224645577371,-105.29821598902345,8117210422
2022-01-14T16:40:15Z,3704.92,1.502,127,91,3110,1764.59,40.022236900404096,-105.298214815557,8117210422
2022-01-14T16:40:16Z,3705.76,1.493,127,91,3111,1764.59,40.02222944051027,-105.29821288771927,8117210422
2022-01-14T16:40:17Z,3706.58,1.362,127,91,3112,1764.59,40.022222148254514,-105.29821095988154,8117210422
2022-01-14T16:40:18Z,3707.88,1.306,126,91,3113,1763.74,40.02221250906587,-105.298220096156,8117210422
2022-01-14T16:40:19Z,3708.9,1.297,126,69,3114,1763.74,40.02220354042947,-105.29822311364114,8117210422
2022-01-14T16:40:20Z,3710.46,1.101,126,69,3115,1763.74,40.02218971028924,-105.2982269693166,8117210422
2022-01-14T16:40:21Z,3711.72,1.288,125,69,3116,1762.62,40.02217805944383,-105.29822504147887,8117210422
2022-01-14T16:40:22Z,3712.95,1.297,124,69,3117,1762.62,40.02216691151261,-105.29822554439306,8117210422
2022-01-14T16:40:23Z,3714.32,1.297,125,69,3118,1762.62,40.02215534448624,-105.29823149554431,8117210422
2022-01-14T16:40:24Z,3716.02,1.297,125,69,3119,1759.79,40.022140089422464,-105.29823401011527,8117210422
2022-01-14T16:40:25Z,3717.46,1.297,126,69,3120,1759.79,40.022126929834485,-105.29823317192495,8117210422
2022-01-14T16:40:26Z,3718.8,1.381,126,69,3121,1759.79,40.02211485989392,-105.29823401011527,8117210422
2022-01-14T16:40:27Z,3720.62,1.418,127,69,3122,1758.76,40.0220984313637,-105.29823359102011,8117210422
2022-01-14T16:40:28Z,3722.42,1.418,127,69,3123,1758.76,40.02208175137639,-105.29823375865817,8117210422
2022-01-14T16:40:29Z,3724.31,1.484,127,69,3124,1758.86,40.02206666395068,-105.29822319746017,8117210422
2022-01-14T16:40:30Z,3726.48,1.502,127,81,3125,1758.86,40.0220484752208,-105.29821330681443,8117210422
2022-01-14T16:40:31Z,3728.07,1.521,127,81,3126,1757.79,40.022036992013454,-105.29820224270225,8117210422
2022-01-14T16:40:32Z,3729.72,1.577,127,81,3127,1758.83,40.02202316187322,-105.29819520190358,8117210422
2022-01-14T16:40:33Z,3731.29,1.586,127,81,3128,1758.83,40.02200908027589,-105.29819034039974,8117210422
2022-01-14T16:40:34Z,3732.57,1.596,127,81,3129,1757.56,40.02199768088758,-105.29818790964782,8117210422
2022-01-14T16:40:35Z,3733.79,1.596,128,81,3130,1757.56,40.021986700594425,-105.29818849638104,8117210422
2022-01-14T16:40:36Z,3735.1,1.577,128,81,3131,1757.56,40.02197488211095,-105.29819335788488,8117210422
2022-01-14T16:40:37Z,3736.12,1.456,129,81,3132,1755.95,40.021965662017465,-105.29819620773196,8117210422
2022-01-14T16:40:38Z,3737.03,1.39,128,81,3133,1754.94,40.021957866847515,-105.29820090159774,8117210422
2022-01-14T16:40:39Z,3738.02,1.306,129,68,3134,1754.94,40.02194898203015,-105.29820333234966,8117210422
2022-01-14T16:40:40Z,3739.13,1.232,129,68,3135,1754.94,40.02193900756538,-105.29820358380675,8117210422
2022-01-14T16:40:41Z,3740.01,1.054,130,68,3136,1753.35,40.021931044757366,-105.298204254359,8117210422
2022-01-14T16:40:42Z,3741.07,1.008,130,68,3137,1753.35,40.02192148938775,-105.29820442199707,8117210422
2022-01-14T16:40:43Z,3742.22,1.036,131,68,3138,1753.35,40.021911012008786,-105.2982047572732,8117210422
2022-01-14T16:40:44Z,3743.11,1.026,131,73,3139,1753.35,40.021903133019805,-105.29820760712028,8117210422
2022-01-14T16:40:45Z,3744.01,1.045,131,73,3140,1751.87,40.02189500257373,-105.29820861294866,8117210422
2022-01-14T16:40:46Z,3744.8,1.045,131,73,3141,1751.87,40.02188838087022,-105.29821238480508,8117210422
2022-01-14T16:40:47Z,3745.87,1.008,131,73,3142,1751.87,40.021879244595766,-105.29821615666151,8117210422
2022-01-14T16:40:48Z,3746.53,1.008,130,73,3143,1751.87,40.02187304198742,-105.29821414500475,8117210422
2022-01-14T16:40:49Z,3747.66,0.933,130,73,3144,1750.42,40.02186323516071,-105.29821800068021,8117210422
2022-01-14T16:40:50Z,3748.68,1.073,129,73,3145,1750.42,40.02185611054301,-105.29820852912962,8117210422
2022-01-14T16:40:51Z,3749.82,1.073,129,73,3146,1750.42,40.02184613607824,-105.29820484109223,8117210422
2022-01-14T16:40:52Z,3751.2,1.129,129,73,3147,1750.42,40.02183347940445,-105.2982029132545,8117210422
2022-01-14T16:40:53Z,3752.62,1.166,129,73,3148,1749.59,40.02182191237807,-105.29819587245584,8117210422
2022-01-14T16:40:54Z,3754.38,1.297,129,73,3149,1749.59,40.021807411685586,-105.29818740673363,8117210422
2022-01-14T16:40:55Z,3755.87,1.362,129,73,3150,1747.71,40.02179358154535,-105.29818606562912,8117210422
2022-01-14T16:40:56Z,3756.97,1.456,128,73,3151,1747.71,40.02178377471864,-105.2981836348772,8117210422
2022-01-14T16:40:57Z,3758.66,1.456,128,73,3152,1747.71,40.02176818437874,-105.29818195849657,8117210422
2022-01-14T16:40:58Z,3760.62,1.446,127,73,3153,1745.72,40.021751672029495,-105.29817391186953,8117210422
2022-01-14T16:40:59Z,3762.09,1.568,127,73,3154,1745.72,40.021739015355706,-105.29816603288054,8117210422
2022-01-14T16:41:00Z,3763.73,1.568,127,73,3155,1746.6,40.02173096872866,-105.29814977198839,8117210422
2022-01-14T16:41:01Z,3765.19,1.568,127,73,3156,1744.67,40.021722335368395,-105.29813636094332,8117210422
2022-01-14T16:41:02Z,3766.81,1.568,127,73,3157,1744.67,40.02170925959945,-105.2981270570308,8117210422
2022-01-14T16:41:03Z,3768.55,1.53,127,73,3158,1745.61,40.02169526182115,-105.29811683110893,8117210422
2022-01-14T16:41:04Z,3770.17,1.53,127,73,3159,1743.35,40.021683778613806,-105.29810501262546,8117210422
2022-01-14T16:41:05Z,3771.72,1.54,128,73,3160,1743.35,40.02167321741581,-105.29809302650392,8117210422
2022-01-14T16:41:06Z,3772.95,1.54,129,73,3161,1744.22,40.02166651189327,-105.29808162711561,8117210422
2022-01-14T16:41:07Z,3774.26,1.54,129,73,3162,1744.22,40.02165645360947,-105.29807332903147,8117210422
2022-01-14T16:41:08Z,3775.55,1.502,128,73,3163,1741.61,40.021646646782756,-105.29806528240442,8117210422
2022-01-14T16:41:09Z,3776.64,1.484,128,73,3164,1741.61,40.02163918688893,-105.29805664904416,8117210422
2022-01-14T16:41:10Z,3777.64,1.456,128,73,3165,1742.5,40.02163122408092,-105.29805094935,8117210422
2022-01-14T16:41:11Z,3778.32,1.4,128,73,3166,1742.5,40.02162108197808,-105.29805329628289,8117210422
2022-01-14T16:41:12Z,3778.96,1.344,129,73,3167,1739.72,40.02161605283618,-105.29804877005517,8117210422
2022-01-14T16:41:13Z,3779.49,1.278,130,73,3168,1739.72,40.02160909585655,-105.2980493567884,8117210422
2022-01-14T16:41:14Z,3780.05,1.194,130,73,3169,1739.72,40.021605491638184,-105.29804491437972,8117210422
2022-01-14T16:41:15Z,3780.77,1.129,130,73,3170,1739.72,40.02159845083952,-105.2980422321707,8117210422
2022-01-14T16:41:16Z,3781.08,1.073,129,73,3171,1739.72,40.021595349535346,-105.29804164543748,8117210422
2022-01-14T16:41:17Z,3781.78,0.868,128,73,3172,1739.72,40.021587973460555,-105.29804315418005,8117210422
2022-01-14T16:41:18Z,3783.44,0.756,128,73,3173,1737.31,40.021570371463895,-105.29805346392095,8117210422
2022-01-14T16:41:19Z,3784.99,0.756,127,73,3174,1737.31,40.02155369147658,-105.29805555939674,8117210422
2022-01-14T16:41:20Z,3786.05,1.409,127,73,3175,1735.09,40.021547907963395,-105.2980454172939,8117210422
2022-01-14T16:41:21Z,3787.33,1.409,126,73,3176,1735.09,40.02154438756406,-105.29803066514432,8117210422
2022-01-14T16:41:22Z,3788.22,1.269,126,73,3177,1735.09,40.021537095308304,-105.29802370816469,8117210422
2022-01-14T16:41:23Z,3789.22,1.176,126,73,3178,1735.23,40.02153055742383,-105.2980147395283,8117210422
2022-01-14T16:41:24Z,3790.77,1.176,125,73,3179,1735.23,40.02152209170163,-105.29799973592162,8117210422
2022-01-14T16:41:25Z,3791.88,1.176,125,73,3180,1735.23,40.021515721455216,-105.29798934236169,8117210422
2022-01-14T16:41:26Z,3792.72,1.222,125,73,3181,1732.74,40.02150767482817,-105.29798431321979,8117210422
2022-01-14T16:41:27Z,3793.42,1.222,125,73,3182,1732.74,40.02150356769562,-105.2979780267924,8117210422
2022-01-14T16:41:28Z,3794.66,1.129,125,73,3183,1732.74,40.02149384468794,-105.29796889051795,8117210422
2022-01-14T16:41:29Z,3795.77,1.064,124,73,3184,1732.74,40.0214855466038,-105.2979608438909,8117210422
2022-01-14T16:41:30Z,3796.91,1.064,124,73,3185,1729.86,40.0214784219861,-105.29795120470226,8117210422
2022-01-14T16:41:31Z,3797.86,1.082,123,73,3186,1729.86,40.021472638472915,-105.29794282279909,8117210422
2022-01-14T16:41:32Z,3798.96,1.101,123,73,3187,1729.86,40.02146744169295,-105.29793184250593,8117210422
2022-01-14T16:41:33Z,3799.99,1.194,123,73,3188,1729.86,40.0214630831033,-105.29792128130794,8117210422
2022-01-14T16:41:34Z,3801.36,1.101,123,73,3189,1729.18,40.02145872451365,-105.29790619388223,8117210422
2022-01-14T16:41:35Z,3802.5,1.204,123,73,3190,1729.18,40.021455036476254,-105.2978937048465,8117210422
2022-01-14T16:41:36Z,3803.92,1.25,123,73,3191,1728.43,40.021451096981764,-105.29787786304951,8117210422
2022-01-14T16:41:37Z,3805.41,1.26,122,73,3192,1726.9,40.02144397236407,-105.29786235652864,8117210422
2022-01-14T16:41:38Z,3806.89,1.306,122,73,3193,1726.9,40.0214387755841,-105.29784626327455,8117210422
2022-01-14T16:41:39Z,3808.23,1.353,122,73,3194,1726.29,40.021433075889945,-105.29783218167722,8117210422
2022-01-14T16:41:40Z,3809.94,1.353,121,84,3195,1726.29,40.021425280719995,-105.29781457968056,8117210422
2022-01-14T16:41:41Z,3811.19,1.362,120,84,3196,1725.72,40.02141589298844,-105.29780426993966,8117210422
2022-01-14T16:41:42Z,3812.53,1.428,120,84,3197,1724.11,40.02140793018043,-105.29779211618006,8117210422
2022-01-14T16:41:43Z,3813.8,1.437,120,84,3198,1724.11,40.021401811391115,-105.29777945950627,8117210422
2022-01-14T16:41:44Z,3814.88,1.437,121,80,3199,1723.55,40.02139946445823,-105.29776705428958,8117210422
2022-01-14T16:41:45Z,3815.84,1.325,121,75,3200,1723.55,40.02139803953469,-105.29775582253933,8117210422
2022-01-14T16:41:46Z,3816.6,1.232,121,75,3201,1723.55,40.021396363154054,-105.2977472729981,8117210422
2022-01-14T16:41:47Z,3817.56,1.157,121,75,3202,1722.98,40.021396363154054,-105.29773587360978,8117210422
2022-01-14T16:41:48Z,3819.64,1.054,121,68,3203,1722.98,40.021395944058895,-105.29771131463349,8117210422
2022-01-14T16:41:49Z,3821.72,1.054,121,68,3204,1722.4,40.021391585469246,-105.29768751002848,8117210422
2022-01-14T16:41:50Z,3824.41,1.325,120,68,3205,1721.75,40.02139083109796,-105.29765607789159,8117210422
2022-01-14T16:41:51Z,3827.15,1.624,119,68,3206,1720.98,40.021385215222836,-105.29762489721179,8117210422
2022-01-14T16:41:52Z,3829.67,1.857,118,68,3207,1720.05,40.02138446085155,-105.29759539291263,8117210422
2022-01-14T16:41:53Z,3832.3,1.913,119,68,3208,1720.05,40.021393932402134,-105.2975670620799,8117210422
2022-01-14T16:41:54Z,3834.54,1.941,120,68,3209,1719.13,40.02140491269529,-105.29754493385553,8117210422
2022-01-14T16:41:55Z,3836.22,1.941,121,68,3210,1719.81,40.021414468064904,-105.29752967879176,8117210422
2022-01-14T16:41:56Z,3837.9,1.866,122,68,3211,1719.81,40.02142100594938,-105.29751190915704,8117210422
2022-01-14T16:41:57Z,3840.06,1.652,124,68,3212,1718.69,40.02143240533769,-105.2974914573133,8117210422
2022-01-14T16:41:58Z,3842.29,1.652,125,79,3213,1718.69,40.0214440561831,-105.29747008346021,8117210422
2022-01-14T16:41:59Z,3844.66,1.661,126,79,3214,1718.46,40.02145788632333,-105.29744896106422,8117210422
2022-01-14T16:42:00Z,3847.08,1.791,126,79,3215,1718.46,40.02147381193936,-105.29742926359177,8117210422
2022-01-14T16:42:01Z,3849.64,1.866,126,79,3216,1717.66,40.02149107865989,-105.29740939848125,8117210422
2022-01-14T16:42:02Z,3852.22,1.95,127,84,3217,1716.49,40.02150608226657,-105.2973862644285,8117210422
2022-01-14T16:42:03Z,3854.72,2.006,127,84,3218,1716.83,40.02151873894036,-105.29736204072833,8117210422
2022-01-14T16:42:04Z,3856.98,2.043,127,84,3219,1716.29,40.02153382636607,-105.29734410345554,8117210422
2022-01-14T16:42:05Z,3858.76,2.062,127,84,3220,1716.29,40.021544471383095,-105.29732834547758,8117210422
2022-01-14T16:42:06Z,3860.89,2.062,128,84,3221,1715.79,40.02154874615371,-105.29730403795838,8117210422
2022-01-14T16:42:07Z,3863.27,2.053,129,84,3222,1715.88,40.02155067399144,-105.29727621003985,8117210422
2022-01-14T16:42:08Z,3865.19,2.053,128,84,3223,1715.88,40.0215545296669,-105.29725424945354,8117210422
2022-01-14T16:42:09Z,3867.41,2.053,129,84,3224,1715.15,40.02155947498977,-105.29722893610597,8117210422
2022-01-14T16:42:10Z,3869.33,2.053,129,84,3225,1714.47,40.02155989408493,-105.29720638878644,8117210422
2022-01-14T16:42:11Z,3871.84,2.043,129,84,3226,1713.85,40.02155729569495,-105.2971772197634,8117210422
2022-01-14T16:42:12Z,3874.47,2.043,130,84,3227,1713.85,40.02155746333301,-105.29714595526457,8117210422
2022-01-14T16:42:13Z,3877.32,2.071,130,86,3228,1713.26,40.0215650908649,-105.29711368493736,8117210422
2022-01-14T16:42:14Z,3880.05,2.109,130,86,3229,1712.72,40.021577663719654,-105.29708602465689,8117210422
2022-01-14T16:42:15Z,3883.11,2.165,130,86,3230,1712.83,40.021595349535346,-105.29705836437643,8117210422
2022-01-14T16:42:16Z,3886.18,2.221,131,88,3231,1712.1,40.02161412499845,-105.29703196138144,8117210422
2022-01-14T16:42:17Z,3889.44,2.286,131,88,3232,1711.76,40.02163072116673,-105.29700044542551,8117210422
2022-01-14T16:42:18Z,3892.87,2.687,132,88,3233,1710.76,40.021646060049534,-105.29696549288929,8117210422
2022-01-14T16:42:19Z,3896.16,2.799,133,88,3234,1710.36,40.02166248857975,-105.29693288728595,8117210422
2022-01-14T16:42:20Z,3899.02,2.911,133,88,3235,1710.36,40.02167942002416,-105.29690757393837,8117210422
2022-01-14T16:42:21Z,3901.66,2.911,134,88,3236,1710.07,40.021692076697946,-105.29688133858144,8117210422
2022-01-14T16:42:22Z,3903.96,2.781,134,88,3237,1709.07,40.021698363125324,-105.2968556061387,8117210422
2022-01-14T16:42:23Z,3905.97,2.641,134,88,3238,1709.07,40.02170247025788,-105.29683213680983,8117210422
2022-01-14T16:42:24Z,3907.6,2.51,134,88,3239,1708.12,40.021704230457544,-105.29681319370866,8117210422
2022-01-14T16:42:25Z,3909.53,2.37,134,83,3240,1707.17,40.02170314081013,-105.29679047875106,8117210422
2022-01-14T16:42:26Z,3910.84,2.239,134,83,3241,1707.17,40.02170314081013,-105.29677505604923,8117210422
2022-01-14T16:42:27Z,3912.24,2.155,134,83,3242,1707.17,40.02169677056372,-105.2967609744519,8117210422
2022-01-14T16:42:28Z,3913.54,2.015,134,83,3243,1705.43,40.02168947830796,-105.29674898833036,8117210422
2022-01-14T16:42:29Z,3914.87,1.95,134,81,3244,1705.43,40.02168109640479,-105.29673800803721,8117210422
2022-01-14T16:42:30Z,3916.38,1.894,134,81,3245,1705.43,40.02167078666389,-105.29672602191567,8117210422
2022-01-14T16:42:31Z,3917.87,1.847,134,81,3246,1704.46,40.0216599740088,-105.29671520926058,8117210422
2022-01-14T16:42:32Z,3918.99,1.838,133,81,3247,1703.86,40.02165268175304,-105.2967059891671,8117210422
2022-01-14T16:42:33Z,3920.17,1.791,133,81,3248,1703.86,40.02164572477341,-105.29669551178813,8117210422
2022-01-14T16:42:34Z,3921.27,1.586,132,81,3249,1703.08,40.021641282364726,-105.29668394476175,8117210422
2022-01-14T16:42:35Z,3922.03,1.465,131,81,3250,1703.08,40.021641282364726,-105.2966745570302,8117210422
2022-01-14T16:42:36Z,3922.89,1.372,131,81,3251,1703.08,40.021640192717314,-105.29666458256543,8117210422
2022-01-14T16:42:37Z,3923.86,1.26,130,81,3252,1703.08,40.021638264879584,-105.29665351845324,8117210422
2022-01-14T16:42:38Z,3925.04,1.204,129,81,3253,1702.5,40.02163306809962,-105.29664111323655,8117210422
2022-01-14T16:42:39Z,3926.1,1.204,128,81,3254,1702.5,40.02162745222449,-105.29663038440049,8117210422
2022-01-14T16:42:40Z,3927.09,1.222,128,81,3255,1702.5,40.021622171625495,-105.29662074521184,8117210422
2022-01-14T16:42:41Z,3928.68,1.213,127,81,3256,1701.37,40.02161789685488,-105.29660297557712,8117210422
2022-01-14T16:42:42Z,3929.94,1.213,127,81,3257,1701.37,40.021617813035846,-105.29658788815141,8117210422
2022-01-14T16:42:43Z,3930.95,1.39,126,81,3258,1700.58,40.02161303535104,-105.29657715931535,8117210422
2022-01-14T16:42:44Z,3931.9,1.39,126,81,3259,1700.58,40.021609934046865,-105.29656668193638,8117210422
2022-01-14T16:42:45Z,3933.07,1.316,125,81,3260,1700.58,40.021605072543025,-105.29655410908163,8117210422
2022-01-14T16:42:46Z,3934.68,1.306,124,81,3261,1699.84,40.02159987576306,-105.2965363394469,8117210422
2022-01-14T16:42:47Z,3936.75,1.316,124,63,3262,1699.84,40.02158981747925,-105.29651563614607,8117210422
2022-01-14T16:42:48Z,3938.88,1.4,123,63,3263,1699.19,40.02158529125154,-105.29649132862687,8117210422
2022-01-14T16:42:49Z,3941.05,1.54,121,63,3264,1697.88,40.02158462069929,-105.2964657638222,8117210422
2022-01-14T16:42:50Z,3943.22,1.726,121,63,3265,1698.27,40.021585961803794,-105.29644036665559,8117210422
2022-01-14T16:42:51Z,3945.75,1.773,121,63,3266,1698.27,40.02158872783184,-105.29641069471836,8117210422
2022-01-14T16:42:52Z,3948.28,1.819,121,63,3267,1698.11,40.0215873029083,-105.29638110660017,8117210422
2022-01-14T16:42:53Z,3950.69,1.847,120,63,3268,1697.84,40.02158529125154,-105.29635294340551,8117210422
2022-01-14T16:42:54Z,3953.18,1.857,120,63,3269,1696.64,40.021582106128335,-105.29632402583957,8117210422
2022-01-14T16:42:55Z,3955.88,1.903,120,88,3270,1696.21,40.0215754006058,-105.29629359953105,8117210422
2022-01-14T16:42:56Z,3958.4,1.913,120,88,3271,1695.79,40.0215751491487,-105.29626392759383,8117210422
2022-01-14T16:42:57Z,3960.5,2.146,119,88,3272,1695.79,40.02157808281481,-105.2962395362556,8117210422
2022-01-14T16:42:58Z,3962.81,2.221,119,87,3273,1695.4,40.02157934010029,-105.29621237888932,8117210422
2022-01-14T16:42:59Z,3965.41,2.249,119,86,3274,1695.01,40.02157506532967,-105.296182455495,8117210422
2022-01-14T16:43:00Z,3968.13,2.249,119,86,3275,1694.61,40.02156869508326,-105.2961515262723,8117210422
2022-01-14T16:43:01Z,3971.49,2.277,120,85,3276,1694.21,40.021562492474914,-105.29611305333674,8117210422
2022-01-14T16:43:02Z,3975.2,2.333,120,85,3277,1693.82,40.02155461348593,-105.29607080854475,8117210422
2022-01-14T16:43:03Z,3978.88,2.417,120,85,3278,1692.85,40.02154774032533,-105.29602856375277,8117210422
2022-01-14T16:43:04Z,3982.55,2.501,120,83,3279,1692.59,40.021536676213145,-105.29598807916045,8117210422
2022-01-14T16:43:05Z,3985.94,2.566,120,83,3280,1692.4,40.021525947377086,-105.29595086351037,8117210422
2022-01-14T16:43:06Z,3989.24,2.631,121,84,3281,1692.07,40.02151731401682,-105.29591381549835,8117210422
2022-01-14T16:43:07Z,3992.36,2.65,121,84,3282,1691.4,40.02151136286557,-105.29587810859084,8117210422
2022-01-14T16:43:08Z,3995.26,2.79,122,84,3283,1691.24,40.021508261561394,-105.29584432952106,8117210422
2022-01-14T16:43:09Z,3997.76,2.79,122,84,3284,1691.24,40.02150063402951,-105.29581683687866,8117210422
2022-01-14T16:43:10Z,3999.83,2.687,123,84,3285,1691.1,40.02148772589862,-105.2957989834249,8117210422
2022-01-14T16:43:11Z,4001.48,2.445,123,84,3286,1690.7,40.02147297374904,-105.29579303227365,8117210422
2022-01-14T16:43:12Z,4003.38,2.323,122,84,3287,1690.7,40.02145738340914,-105.29580317437649,8117210422
2022-01-14T16:43:13Z,4005.68,2.183,122,85,3288,1690.54,40.021441876888275,-105.29582094401121,8117210422
2022-01-14T16:43:14Z,4008.11,2.183,122,85,3289,1690.54,40.021427208557725,-105.2958423178643,8117210422
2022-01-14T16:43:15Z,4010.53,2.23,121,85,3290,1690.62,40.02141237258911,-105.29586302116513,8117210422
2022-01-14T16:43:16Z,4012.67,2.295,121,85,3291,1690.28,40.02139971591532,-105.2958819642663,8117210422
2022-01-14T16:43:17Z,4014.96,2.295,121,84,3292,1690.28,40.02138647250831,-105.29590266756713,8117210422
2022-01-14T16:43:18Z,4017.59,2.295,120,84,3293,1689.84,40.02136970870197,-105.2959247957915,8117210422
2022-01-14T16:43:19Z,4019.81,2.295,119,83,3294,1689.84,40.021354956552386,-105.29594214633107,8117210422
2022-01-14T16:43:20Z,4022.12,2.314,119,83,3295,1689.26,40.02133743837476,-105.29595782049,8117210422
2022-01-14T16:43:21Z,4024.39,2.323,119,82,3296,1689.26,40.02131832763553,-105.29596729204059,8117210422
2022-01-14T16:43:22Z,4027,2.323,119,82,3297,1688.61,40.02129636704922,-105.29597852379084,8117210422
2022-01-14T16:43:23Z,4029.4,2.323,119,81,3298,1688.69,40.02127708867192,-105.29599126428366,8117210422
2022-01-14T16:43:24Z,4031.62,2.333,120,80,3299,1687.92,40.021258648484945,-105.2960014063865,8117210422
2022-01-14T16:43:25Z,4033.72,2.333,120,80,3300,1687.92,40.02124121412635,-105.29601104557514,8117210422
2022-01-14T16:43:26Z,4035.49,2.323,120,80,3301,1687,40.021226881071925,-105.29602009803057,8117210422
2022-01-14T16:43:27Z,4037.33,2.314,121,80,3302,1687.14,40.02121212892234,-105.29603007249534,8117210422
2022-01-14T16:43:28Z,4039.18,2.286,121,80,3303,1686.01,40.02119645476341,-105.29603770002723,8117210422
2022-01-14T16:43:29Z,4041.11,2.267,120,80,3304,1686.01,40.02118069678545,-105.29604733921587,8117210422
2022-01-14T16:43:30Z,4043.26,2.249,120,80,3305,1685.96,40.021164268255234,-105.29606066644192,8117210422
2022-01-14T16:43:31Z,4045.45,2.23,121,80,3306,1684.69,40.021147755905986,-105.29607483185828,8117210422
2022-01-14T16:43:32Z,4047.87,2.23,121,80,3307,1684.78,40.021130656823516,-105.29609243385494,8117210422
2022-01-14T16:43:33Z,4050.19,2.23,122,80,3308,1683.64,40.02111515030265,-105.29611062258482,8117210422
2022-01-14T16:43:34Z,4052.49,2.23,122,80,3309,1683.78,40.021101739257574,-105.29613115824759,8117210422
2022-01-14T16:43:35Z,4055.24,2.239,122,80,3310,1682.76,40.021082712337375,-105.29615202918649,8117210422
2022-01-14T16:43:36Z,4057.67,2.239,122,80,3311,1682.88,40.02106527797878,-105.29616954736412,8117210422
2022-01-14T16:43:37Z,4060.07,2.249,123,80,3312,1682.12,40.02104792743921,-105.29618681408465,8117210422
2022-01-14T16:43:38Z,4062.5,2.249,122,80,3313,1682.28,40.0210296548903,-105.2962028235197,8117210422
2022-01-14T16:43:39Z,4064.7,2.258,121,84,3314,1681.74,40.02101314254105,-105.29621715657413,8117210422
2022-01-14T16:43:40Z,4067.29,2.267,121,84,3315,1681.91,40.02099252305925,-105.29623148962855,8117210422
2022-01-14T16:43:41Z,4069.79,2.267,122,83,3316,1681.54,40.020970897749066,-105.29624037444592,8117210422
2022-01-14T16:43:42Z,4072.26,2.286,121,83,3317,1681.3,40.02094902098179,-105.29624582268298,8117210422
2022-01-14T16:43:43Z,4074.43,2.286,121,83,3318,1681.3,40.020930329337716,-105.29625336639583,8117210422
2022-01-14T16:43:44Z,4076.6,2.295,121,83,3319,1681.12,40.02091155387461,-105.29626124538481,8117210422
2022-01-14T16:43:45Z,4078.89,2.295,120,84,3320,1681.17,40.020891604945064,-105.29626828618348,8117210422
2022-01-14T16:43:46Z,4080.69,2.295,120,85,3321,1681.12,40.020876014605165,-105.29627448879182,8117210422
2022-01-14T16:43:47Z,4082.76,2.295,120,87,3322,1681.12,40.020858412608504,-105.29628211632371,8117210422
2022-01-14T16:43:48Z,4084.69,2.286,119,87,3323,1681.18,40.0208414811641,-105.29628823511302,8117210422
2022-01-14T16:43:49Z,4087.08,2.286,119,86,3324,1681.18,40.02082002349198,-105.29629167169333,8117210422
2022-01-14T16:43:50Z,4089.12,2.277,119,86,3325,1681.33,40.02080233767629,-105.29628504998982,8117210422
2022-01-14T16:43:51Z,4091.23,2.277,118,86,3326,1681.33,40.0207844004035,-105.29627582989633,8117210422
2022-01-14T16:43:52Z,4093,2.277,119,86,3327,1681.55,40.02076964825392,-105.29626769945025,8117210422
2022-01-14T16:43:53Z,4094.32,2.277,120,86,3328,1681.47,40.020757829770446,-105.29626317322254,8117210422
2022-01-14T16:43:54Z,4095.25,2.258,120,86,3329,1681.47,40.0207497831434,-105.29625806026161,8117210422
